year,province_id,subject_category_id,score,count_at_score,cumulative_count
2024,26,1,693,53,53
2024,26,1,692,1,54
2024,26,1,691,0,54
2024,26,1,690,1,55
2024,26,1,689,6,61
2024,26,1,688,9,70
2024,26,1,687,2,72
2024,26,1,686,8,80
2024,26,1,685,7,87
2024,26,1,684,10,97
2024,26,1,683,13,110
2024,26,1,682,18,128
2024,26,1,681,8,136
2024,26,1,680,11,147
2024,26,1,679,13,160
2024,26,1,678,9,169
2024,26,1,677,10,179
2024,26,1,676,14,193
2024,26,1,675,13,206
2024,26,1,674,19,225
2024,26,1,673,14,239
2024,26,1,672,15,254
2024,26,1,671,19,273
2024,26,1,670,23,296
2024,26,1,669,18,314
2024,26,1,668,26,340
2024,26,1,667,32,372
2024,26,1,666,26,398
2024,26,1,665,27,425
2024,26,1,664,31,456
2024,26,1,663,32,488
2024,26,1,662,24,512
2024,26,1,661,35,547
2024,26,1,660,29,576
2024,26,1,659,37,613
2024,26,1,658,30,643
2024,26,1,657,38,681
2024,26,1,656,40,721
2024,26,1,655,46,767
2024,26,1,654,55,822
2024,26,1,653,49,871
2024,26,1,652,50,921
2024,26,1,651,47,968
2024,26,1,650,51,1019
2024,26,1,649,62,1081
2024,26,1,648,42,1123
2024,26,1,647,62,1185
2024,26,1,646,55,1240
2024,26,1,645,56,1296
2024,26,1,644,61,1357
2024,26,1,643,73,1430
2024,26,1,642,76,1506
2024,26,1,641,81,1587
2024,26,1,640,89,1676
2024,26,1,639,75,1751
2024,26,1,638,97,1848
2024,26,1,637,67,1915
2024,26,1,636,96,2011
2024,26,1,635,107,2118
2024,26,1,634,129,2247
2024,26,1,633,122,2369
2024,26,1,632,96,2465
2024,26,1,631,112,2577
2024,26,1,630,111,2688
2024,26,1,629,118,2806
2024,26,1,628,125,2931
2024,26,1,627,128,3059
2024,26,1,626,137,3196
2024,26,1,625,149,3345
2024,26,1,624,140,3485
2024,26,1,623,121,3606
2024,26,1,622,136,3742
2024,26,1,621,151,3893
2024,26,1,620,158,4051
2024,26,1,619,150,4201
2024,26,1,618,139,4340
2024,26,1,617,173,4513
2024,26,1,616,148,4661
2024,26,1,615,173,4834
2024,26,1,614,169,5003
2024,26,1,613,163,5166
2024,26,1,612,176,5342
2024,26,1,611,181,5523
2024,26,1,610,185,5708
2024,26,1,609,217,5925
2024,26,1,608,193,6118
2024,26,1,607,198,6316
2024,26,1,606,202,6518
2024,26,1,605,222,6740
2024,26,1,604,221,6961
2024,26,1,603,237,7198
2024,26,1,602,225,7423
2024,26,1,601,226,7649
2024,26,1,600,246,7895
2024,26,1,599,242,8137
2024,26,1,598,241,8378
2024,26,1,597,269,8647
2024,26,1,596,224,8871
2024,26,1,595,238,9109
2024,26,1,594,230,9339
2024,26,1,593,270,9609
2024,26,1,592,281,9890
2024,26,1,591,240,10130
2024,26,1,590,292,10422
2024,26,1,589,275,10697
2024,26,1,588,275,10972
2024,26,1,587,277,11249
2024,26,1,586,285,11534
2024,26,1,585,314,11848
2024,26,1,584,298,12146
2024,26,1,583,284,12430
2024,26,1,582,310,12740
2024,26,1,581,296,13036
2024,26,1,580,322,13358
2024,26,1,579,298,13656
2024,26,1,578,317,13973
2024,26,1,577,339,14312
2024,26,1,576,331,14643
2024,26,1,575,337,14980
2024,26,1,574,314,15294
2024,26,1,573,346,15640
2024,26,1,572,365,16005
2024,26,1,571,394,16399
2024,26,1,570,361,16760
2024,26,1,569,335,17095
2024,26,1,568,341,17436
2024,26,1,567,402,17838
2024,26,1,566,378,18216
2024,26,1,565,382,18598
2024,26,1,564,369,18967
2024,26,1,563,383,19350
2024,26,1,562,385,19735
2024,26,1,561,348,20083
2024,26,1,560,393,20476
2024,26,1,559,387,20863
2024,26,1,558,385,21248
2024,26,1,557,422,21670
2024,26,1,556,427,22097
2024,26,1,555,423,22520
2024,26,1,554,382,22902
2024,26,1,553,403,23305
2024,26,1,552,419,23724
2024,26,1,551,438,24162
2024,26,1,550,438,24600
2024,26,1,549,422,25022
2024,26,1,548,451,25473
2024,26,1,547,444,25917
2024,26,1,546,416,26333
2024,26,1,545,426,26759
2024,26,1,544,409,27168
2024,26,1,543,473,27641
2024,26,1,542,449,28090
2024,26,1,541,464,28554
2024,26,1,540,471,29025
2024,26,1,539,492,29517
2024,26,1,538,433,29950
2024,26,1,537,480,30430
2024,26,1,536,476,30906
2024,26,1,535,502,31408
2024,26,1,534,481,31889
2024,26,1,533,483,32372
2024,26,1,532,496,32868
2024,26,1,531,489,33357
2024,26,1,530,518,33875
2024,26,1,529,507,34382
2024,26,1,528,553,34935
2024,26,1,527,501,35436
2024,26,1,526,521,35957
2024,26,1,525,519,36476
2024,26,1,524,518,36994
2024,26,1,523,524,37518
2024,26,1,522,502,38020
2024,26,1,521,506,38526
2024,26,1,520,528,39054
2024,26,1,519,570,39624
2024,26,1,518,553,40177
2024,26,1,517,603,40780
2024,26,1,516,546,41326
2024,26,1,515,551,41877
2024,26,1,514,519,42396
2024,26,1,513,578,42974
2024,26,1,512,581,43555
2024,26,1,511,594,44149
2024,26,1,510,561,44710
2024,26,1,509,641,45351
2024,26,1,508,585,45936
2024,26,1,507,550,46486
2024,26,1,506,555,47041
2024,26,1,505,593,47634
2024,26,1,504,578,48212
2024,26,1,503,566,48778
2024,26,1,502,585,49363
2024,26,1,501,571,49934
2024,26,1,500,596,50530
2024,26,1,499,604,51134
2024,26,1,498,589,51723
2024,26,1,497,611,52334
2024,26,1,496,634,52968
2024,26,1,495,588,53556
2024,26,1,494,628,54184
2024,26,1,493,628,54812
2024,26,1,492,654,55466
2024,26,1,491,679,56145
2024,26,1,490,655,56800
2024,26,1,489,648,57448
2024,26,1,488,657,58105
2024,26,1,487,630,58735
2024,26,1,486,636,59371
2024,26,1,485,675,60046
2024,26,1,484,662,60708
2024,26,1,483,650,61358
2024,26,1,482,654,62012
2024,26,1,481,655,62667
2024,26,1,480,671,63338
2024,26,1,479,663,64001
2024,26,1,478,645,64646
2024,26,1,477,718,65364
2024,26,1,476,699,66063
2024,26,1,475,708,66771
2024,26,1,474,644,67415
2024,26,1,473,679,68094
2024,26,1,472,673,68767
2024,26,1,471,705,69472
2024,26,1,470,719,70191
2024,26,1,469,665,70856
2024,26,1,468,695,71551
2024,26,1,467,708,72259
2024,26,1,466,667,72926
2024,26,1,465,669,73595
2024,26,1,464,641,74236
2024,26,1,463,713,74949
2024,26,1,462,740,75689
2024,26,1,461,722,76411
2024,26,1,460,699,77110
2024,26,1,459,731,77841
2024,26,1,458,686,78527
2024,26,1,457,702,79229
2024,26,1,456,697,79926
2024,26,1,455,701,80627
2024,26,1,454,713,81340
2024,26,1,453,692,82032
2024,26,1,452,706,82738
2024,26,1,451,677,83415
2024,26,1,450,686,84101
2024,26,1,449,699,84800
2024,26,1,448,664,85464
2024,26,1,447,711,86175
2024,26,1,446,682,86857
2024,26,1,445,725,87582
2024,26,1,444,680,88262
2024,26,1,443,727,88989
2024,26,1,442,690,89679
2024,26,1,441,722,90401
2024,26,1,440,674,91075
2024,26,1,439,687,91762
2024,26,1,438,699,92461
2024,26,1,437,720,93181
2024,26,1,436,696,93877
2024,26,1,435,694,94571
2024,26,1,434,716,95287
2024,26,1,433,685,95972
2024,26,1,432,684,96656
2024,26,1,431,634,97290
2024,26,1,430,681,97971
2024,26,1,429,703,98674
2024,26,1,428,755,99429
2024,26,1,427,698,100127
2024,26,1,426,732,100859
2024,26,1,425,683,101542
2024,26,1,424,692,102234
2024,26,1,423,739,102973
2024,26,1,422,641,103614
2024,26,1,421,694,104308
2024,26,1,420,681,104989
2024,26,1,419,687,105676
2024,26,1,418,639,106315
2024,26,1,417,691,107006
2024,26,1,416,683,107689
2024,26,1,415,657,108346
2024,26,1,414,642,108988
2024,26,1,413,654,109642
2024,26,1,412,656,110298
2024,26,1,411,653,110951
2024,26,1,410,641,111592
2024,26,1,409,647,112239
2024,26,1,408,670,112909
2024,26,1,407,626,113535
2024,26,1,406,666,114201
2024,26,1,405,678,114879
2024,26,1,404,637,115516
2024,26,1,403,655,116171
2024,26,1,402,633,116804
2024,26,1,401,591,117395
2024,26,1,400,612,118007
2024,26,1,399,623,118630
2024,26,1,398,580,119210
2024,26,1,397,653,119863
2024,26,1,396,637,120500
2024,26,1,395,645,121145
2024,26,1,394,576,121721
2024,26,1,393,604,122325
2024,26,1,392,630,122955
2024,26,1,391,581,123536
2024,26,1,390,539,124075
2024,26,1,389,600,124675
2024,26,1,388,579,125254
2024,26,1,387,574,125828
2024,26,1,386,570,126398
2024,26,1,385,583,126981
2024,26,1,384,590,127571
2024,26,1,383,513,128084
2024,26,1,382,549,128633
2024,26,1,381,518,129151
2024,26,1,380,571,129722
2024,26,1,379,526,130248
2024,26,1,378,544,130792
2024,26,1,377,525,131317
2024,26,1,376,547,131864
2024,26,1,375,492,132356
2024,26,1,374,545,132901
2024,26,1,373,546,133447
2024,26,1,372,487,133934
2024,26,1,371,552,134486
2024,26,1,370,540,135026
2024,26,1,369,498,135524
2024,26,1,368,514,136038
2024,26,1,367,518,136556
2024,26,1,366,485,137041
2024,26,1,365,526,137567
2024,26,1,364,494,138061
2024,26,1,363,485,138546
2024,26,1,362,504,139050
2024,26,1,361,488,139538
2024,26,1,360,503,140041
2024,26,1,359,467,140508
2024,26,1,358,455,140963
2024,26,1,357,474,141437
2024,26,1,356,440,141877
2024,26,1,355,440,142317
2024,26,1,354,460,142777
2024,26,1,353,441,143218
2024,26,1,352,453,143671
2024,26,1,351,442,144113
2024,26,1,350,411,144524
2024,26,1,349,439,144963
2024,26,1,348,408,145371
2024,26,1,347,432,145803
2024,26,1,346,402,146205
2024,26,1,345,429,146634
2024,26,1,344,376,147010
2024,26,1,343,370,147380
2024,26,1,342,416,147796
2024,26,1,341,413,148209
2024,26,1,340,391,148600
2024,26,1,339,392,148992
2024,26,1,338,345,149337
2024,26,1,337,413,149750
2024,26,1,336,373,150123
2024,26,1,335,378,150501
2024,26,1,334,386,150887
2024,26,1,333,388,151275
2024,26,1,332,390,151665
2024,26,1,331,353,152018
2024,26,1,330,338,152356
2024,26,1,329,357,152713
2024,26,1,328,332,153045
2024,26,1,327,322,153367
2024,26,1,326,334,153701
2024,26,1,325,342,154043
2024,26,1,324,327,154370
2024,26,1,323,318,154688
2024,26,1,322,337,155025
2024,26,1,321,313,155338
2024,26,1,320,316,155654
2024,26,1,319,273,155927
2024,26,1,318,316,156243
2024,26,1,317,313,156556
2024,26,1,316,322,156878
2024,26,1,315,289,157167
2024,26,1,314,303,157470
2024,26,1,313,256,157726
2024,26,1,312,298,158024
2024,26,1,311,291,158315
2024,26,1,310,277,158592
2024,26,1,309,263,158855
2024,26,1,308,279,159134
2024,26,1,307,262,159396
2024,26,1,306,281,159677
2024,26,1,305,253,159930
2024,26,1,304,277,160207
2024,26,1,303,286,160493
2024,26,1,302,231,160724
2024,26,1,301,228,160952
2024,26,1,300,252,161204
