year,province_id,subject_category_id,score,count_at_score,cumulative_count
2024,26,2,667,51,51
2024,26,2,666,7,58
2024,26,2,665,4,62
2024,26,2,664,4,66
2024,26,2,663,5,71
2024,26,2,662,7,78
2024,26,2,661,8,86
2024,26,2,660,7,93
2024,26,2,659,5,98
2024,26,2,658,9,107
2024,26,2,657,6,113
2024,26,2,656,16,129
2024,26,2,655,8,137
2024,26,2,654,14,151
2024,26,2,653,11,162
2024,26,2,652,15,177
2024,26,2,651,14,191
2024,26,2,650,16,207
2024,26,2,649,14,221
2024,26,2,648,18,239
2024,26,2,647,27,266
2024,26,2,646,19,285
2024,26,2,645,30,315
2024,26,2,644,20,335
2024,26,2,643,20,355
2024,26,2,642,25,380
2024,26,2,641,26,406
2024,26,2,640,23,429
2024,26,2,639,29,458
2024,26,2,638,27,485
2024,26,2,637,33,518
2024,26,2,636,31,549
2024,26,2,635,34,583
2024,26,2,634,33,616
2024,26,2,633,57,673
2024,26,2,632,38,711
2024,26,2,631,39,750
2024,26,2,630,47,797
2024,26,2,629,47,844
2024,26,2,628,48,892
2024,26,2,627,39,931
2024,26,2,626,52,983
2024,26,2,625,50,1033
2024,26,2,624,50,1083
2024,26,2,623,59,1142
2024,26,2,622,64,1206
2024,26,2,621,58,1264
2024,26,2,620,71,1335
2024,26,2,619,76,1411
2024,26,2,618,68,1479
2024,26,2,617,75,1554
2024,26,2,616,74,1628
2024,26,2,615,72,1700
2024,26,2,614,82,1782
2024,26,2,613,85,1867
2024,26,2,612,77,1944
2024,26,2,611,112,2056
2024,26,2,610,106,2162
2024,26,2,609,89,2251
2024,26,2,608,101,2352
2024,26,2,607,94,2446
2024,26,2,606,115,2561
2024,26,2,605,118,2679
2024,26,2,604,110,2789
2024,26,2,603,111,2900
2024,26,2,602,117,3017
2024,26,2,601,146,3163
2024,26,2,600,105,3268
2024,26,2,599,128,3396
2024,26,2,598,128,3524
2024,26,2,597,138,3662
2024,26,2,596,129,3791
2024,26,2,595,140,3931
2024,26,2,594,147,4078
2024,26,2,593,160,4238
2024,26,2,592,151,4389
2024,26,2,591,142,4531
2024,26,2,590,186,4717
2024,26,2,589,182,4899
2024,26,2,588,160,5059
2024,26,2,587,151,5210
2024,26,2,586,199,5409
2024,26,2,585,171,5580
2024,26,2,584,171,5751
2024,26,2,583,188,5939
2024,26,2,582,173,6112
2024,26,2,581,180,6292
2024,26,2,580,217,6509
2024,26,2,579,198,6707
2024,26,2,578,223,6930
2024,26,2,577,216,7146
2024,26,2,576,203,7349
2024,26,2,575,206,7555
2024,26,2,574,221,7776
2024,26,2,573,214,7990
2024,26,2,572,231,8221
2024,26,2,571,224,8445
2024,26,2,570,266,8711
2024,26,2,569,228,8939
2024,26,2,568,245,9184
2024,26,2,567,232,9416
2024,26,2,566,263,9679
2024,26,2,565,294,9973
2024,26,2,564,277,10250
2024,26,2,563,268,10518
2024,26,2,562,283,10801
2024,26,2,561,256,11057
2024,26,2,560,284,11341
2024,26,2,559,269,11610
2024,26,2,558,311,11921
2024,26,2,557,310,12231
2024,26,2,556,323,12554
2024,26,2,555,288,12842
2024,26,2,554,298,13140
2024,26,2,553,303,13443
2024,26,2,552,288,13731
2024,26,2,551,303,14034
2024,26,2,550,290,14324
2024,26,2,549,336,14660
2024,26,2,548,321,14981
2024,26,2,547,355,15336
2024,26,2,546,324,15660
2024,26,2,545,371,16031
2024,26,2,544,369,16400
2024,26,2,543,388,16788
2024,26,2,542,355,17143
2024,26,2,541,359,17502
2024,26,2,540,370,17872
2024,26,2,539,398,18270
2024,26,2,538,367,18637
2024,26,2,537,374,19011
2024,26,2,536,370,19381
2024,26,2,535,390,19771
2024,26,2,534,366,20137
2024,26,2,533,384,20521
2024,26,2,532,379,20900
2024,26,2,531,404,21304
2024,26,2,530,371,21675
2024,26,2,529,400,22075
2024,26,2,528,399,22474
2024,26,2,527,417,22891
2024,26,2,526,424,23315
2024,26,2,525,415,23730
2024,26,2,524,415,24145
2024,26,2,523,411,24556
2024,26,2,522,410,24966
2024,26,2,521,455,25421
2024,26,2,520,438,25859
2024,26,2,519,410,26269
2024,26,2,518,425,26694
2024,26,2,517,443,27137
2024,26,2,516,450,27587
2024,26,2,515,451,28038
2024,26,2,514,419,28457
2024,26,2,513,443,28900
2024,26,2,512,474,29374
2024,26,2,511,445,29819
2024,26,2,510,475,30294
2024,26,2,509,467,30761
2024,26,2,508,467,31228
2024,26,2,507,491,31719
2024,26,2,506,484,32203
2024,26,2,505,439,32642
2024,26,2,504,486,33128
2024,26,2,503,466,33594
2024,26,2,502,469,34063
2024,26,2,501,488,34551
2024,26,2,500,487,35038
2024,26,2,499,522,35560
2024,26,2,498,493,36053
2024,26,2,497,487,36540
2024,26,2,496,508,37048
2024,26,2,495,466,37514
2024,26,2,494,479,37993
2024,26,2,493,512,38505
2024,26,2,492,511,39016
2024,26,2,491,482,39498
2024,26,2,490,540,40038
2024,26,2,489,506,40544
2024,26,2,488,473,41017
2024,26,2,487,518,41535
2024,26,2,486,499,42034
2024,26,2,485,497,42531
2024,26,2,484,495,43026
2024,26,2,483,490,43516
2024,26,2,482,493,44009
2024,26,2,481,518,44527
2024,26,2,480,506,45033
2024,26,2,479,514,45547
2024,26,2,478,502,46049
2024,26,2,477,539,46588
2024,26,2,476,538,47126
2024,26,2,475,488,47614
2024,26,2,474,521,48135
2024,26,2,473,535,48670
2024,26,2,472,537,49207
2024,26,2,471,563,49770
2024,26,2,470,529,50299
2024,26,2,469,543,50842
2024,26,2,468,544,51386
2024,26,2,467,517,51903
2024,26,2,466,532,52435
2024,26,2,465,510,52945
2024,26,2,464,569,53514
2024,26,2,463,491,54005
2024,26,2,462,531,54536
2024,26,2,461,520,55056
2024,26,2,460,506,55562
2024,26,2,459,526,56088
2024,26,2,458,540,56628
2024,26,2,457,551,57179
2024,26,2,456,559,57738
2024,26,2,455,514,58252
2024,26,2,454,560,58812
2024,26,2,453,563,59375
2024,26,2,452,546,59921
2024,26,2,451,565,60486
2024,26,2,450,595,61081
2024,26,2,449,533,61614
2024,26,2,448,525,62139
2024,26,2,447,546,62685
2024,26,2,446,574,63259
2024,26,2,445,551,63810
2024,26,2,444,568,64378
2024,26,2,443,561,64939
2024,26,2,442,575,65514
2024,26,2,441,580,66094
2024,26,2,440,566,66660
2024,26,2,439,558,67218
2024,26,2,438,592,67810
2024,26,2,437,551,68361
2024,26,2,436,582,68943
2024,26,2,435,555,69498
2024,26,2,434,600,70098
2024,26,2,433,548,70646
2024,26,2,432,589,71235
2024,26,2,431,541,71776
2024,26,2,430,578,72354
2024,26,2,429,557,72911
2024,26,2,428,594,73505
2024,26,2,427,570,74075
2024,26,2,426,607,74682
2024,26,2,425,578,75260
2024,26,2,424,587,75847
2024,26,2,423,576,76423
2024,26,2,422,583,77006
2024,26,2,421,592,77598
2024,26,2,420,626,78224
2024,26,2,419,605,78829
2024,26,2,418,571,79400
2024,26,2,417,574,79974
2024,26,2,416,560,80534
2024,26,2,415,576,81110
2024,26,2,414,597,81707
2024,26,2,413,586,82293
2024,26,2,412,569,82862
2024,26,2,411,564,83426
2024,26,2,410,563,83989
2024,26,2,409,560,84549
2024,26,2,408,557,85106
2024,26,2,407,529,85635
2024,26,2,406,594,86229
2024,26,2,405,560,86789
2024,26,2,404,538,87327
2024,26,2,403,572,87899
2024,26,2,402,546,88445
2024,26,2,401,565,89010
2024,26,2,400,570,89580
2024,26,2,399,556,90136
2024,26,2,398,555,90691
2024,26,2,397,540,91231
2024,26,2,396,525,91756
2024,26,2,395,534,92290
2024,26,2,394,536,92826
2024,26,2,393,541,93367
2024,26,2,392,576,93943
2024,26,2,391,550,94493
2024,26,2,390,540,95033
2024,26,2,389,543,95576
2024,26,2,388,526,96102
2024,26,2,387,529,96631
2024,26,2,386,543,97174
2024,26,2,385,565,97739
2024,26,2,384,511,98250
2024,26,2,383,535,98785
2024,26,2,382,506,99291
2024,26,2,381,524,99815
2024,26,2,380,501,100316
2024,26,2,379,463,100779
2024,26,2,378,471,101250
2024,26,2,377,488,101738
2024,26,2,376,508,102246
2024,26,2,375,499,102745
2024,26,2,374,499,103244
2024,26,2,373,483,103727
2024,26,2,372,476,104203
2024,26,2,371,487,104690
2024,26,2,370,459,105149
2024,26,2,369,420,105569
2024,26,2,368,448,106017
2024,26,2,367,415,106432
2024,26,2,366,440,106872
2024,26,2,365,419,107291
2024,26,2,364,466,107757
2024,26,2,363,439,108196
2024,26,2,362,425,108621
2024,26,2,361,419,109040
2024,26,2,360,441,109481
2024,26,2,359,430,109911
2024,26,2,358,430,110341
2024,26,2,357,414,110755
2024,26,2,356,371,111126
2024,26,2,355,431,111557
2024,26,2,354,363,111920
2024,26,2,353,406,112326
2024,26,2,352,398,112724
2024,26,2,351,358,113082
2024,26,2,350,392,113474
2024,26,2,349,349,113823
2024,26,2,348,379,114202
2024,26,2,347,382,114584
2024,26,2,346,363,114947
2024,26,2,345,291,115238
2024,26,2,344,357,115595
2024,26,2,343,374,115969
2024,26,2,342,352,116321
2024,26,2,341,326,116647
2024,26,2,340,312,116959
2024,26,2,339,342,117301
2024,26,2,338,323,117624
2024,26,2,337,314,117938
2024,26,2,336,290,118228
2024,26,2,335,321,118549
2024,26,2,334,288,118837
2024,26,2,333,294,119131
2024,26,2,332,252,119383
2024,26,2,331,278,119661
2024,26,2,330,236,119897
2024,26,2,329,259,120156
2024,26,2,328,266,120422
2024,26,2,327,245,120667
2024,26,2,326,260,120927
2024,26,2,325,229,121156
2024,26,2,324,231,121387
2024,26,2,323,220,121607
2024,26,2,322,264,121871
2024,26,2,321,241,122112
2024,26,2,320,218,122330
2024,26,2,319,249,122579
2024,26,2,318,204,122783
2024,26,2,317,202,122985
2024,26,2,316,212,123197
2024,26,2,315,203,123400
2024,26,2,314,213,123613
2024,26,2,313,181,123794
2024,26,2,312,207,124001
2024,26,2,311,189,124190
2024,26,2,310,175,124365
2024,26,2,309,175,124540
2024,26,2,308,167,124707
2024,26,2,307,169,124876
2024,26,2,306,159,125035
2024,26,2,305,146,125181
2024,26,2,304,156,125337
2024,26,2,303,168,125505
2024,26,2,302,136,125641
2024,26,2,301,143,125784
2024,26,2,300,146,125930
