year,province_id,subject_category_id,score,count_at_score,cumulative_count
2024,28,4,704,12,12
2024,28,4,703,1,13
2024,28,4,702,4,17
2024,28,4,701,2,19
2024,28,4,700,5,24
2024,28,4,699,1,25
2024,28,4,698,3,28
2024,28,4,697,10,38
2024,28,4,696,2,40
2024,28,4,695,7,47
2024,28,4,694,7,54
2024,28,4,693,7,61
2024,28,4,692,5,66
2024,28,4,691,4,70
2024,28,4,690,8,78
2024,28,4,689,6,84
2024,28,4,688,4,88
2024,28,4,687,8,96
2024,28,4,686,12,108
2024,28,4,685,10,118
2024,28,4,684,10,128
2024,28,4,683,13,141
2024,28,4,682,8,149
2024,28,4,681,9,158
2024,28,4,680,6,164
2024,28,4,679,13,177
2024,28,4,678,8,185
2024,28,4,677,11,196
2024,28,4,676,11,207
2024,28,4,675,12,219
2024,28,4,674,16,235
2024,28,4,673,22,257
2024,28,4,672,14,271
2024,28,4,671,16,287
2024,28,4,670,18,305
2024,28,4,669,20,325
2024,28,4,668,15,340
2024,28,4,667,21,361
2024,28,4,666,23,384
2024,28,4,665,14,398
2024,28,4,664,18,416
2024,28,4,663,24,440
2024,28,4,662,18,458
2024,28,4,661,23,481
2024,28,4,660,23,504
2024,28,4,659,30,534
2024,28,4,658,45,579
2024,28,4,657,29,608
2024,28,4,656,33,641
2024,28,4,655,30,671
2024,28,4,654,32,703
2024,28,4,653,39,742
2024,28,4,652,32,774
2024,28,4,651,31,805
2024,28,4,650,36,841
2024,28,4,649,37,878
2024,28,4,648,37,915
2024,28,4,647,49,964
2024,28,4,646,40,1004
2024,28,4,645,40,1044
2024,28,4,644,45,1089
2024,28,4,643,43,1132
2024,28,4,642,62,1194
2024,28,4,641,50,1244
2024,28,4,640,39,1283
2024,28,4,639,55,1338
2024,28,4,638,53,1391
2024,28,4,637,57,1448
2024,28,4,636,45,1493
2024,28,4,635,46,1539
2024,28,4,634,62,1601
2024,28,4,633,53,1654
2024,28,4,632,60,1714
2024,28,4,631,58,1772
2024,28,4,630,70,1842
2024,28,4,629,45,1887
2024,28,4,628,66,1953
2024,28,4,627,73,2026
2024,28,4,626,66,2092
2024,28,4,625,62,2154
2024,28,4,624,65,2219
2024,28,4,623,71,2290
2024,28,4,622,77,2367
2024,28,4,621,81,2448
2024,28,4,620,63,2511
2024,28,4,619,82,2593
2024,28,4,618,87,2680
2024,28,4,617,83,2763
2024,28,4,616,74,2837
2024,28,4,615,84,2921
2024,28,4,614,82,3003
2024,28,4,613,81,3084
2024,28,4,612,89,3173
2024,28,4,611,76,3249
2024,28,4,610,72,3321
2024,28,4,609,98,3419
2024,28,4,608,109,3528
2024,28,4,607,100,3628
2024,28,4,606,105,3733
2024,28,4,605,108,3841
2024,28,4,604,86,3927
2024,28,4,603,87,4014
2024,28,4,602,105,4119
2024,28,4,601,104,4223
2024,28,4,600,99,4322
2024,28,4,599,103,4425
2024,28,4,598,119,4544
2024,28,4,597,94,4638
2024,28,4,596,105,4743
2024,28,4,595,108,4851
2024,28,4,594,102,4953
2024,28,4,593,92,5045
2024,28,4,592,101,5146
2024,28,4,591,113,5259
2024,28,4,590,111,5370
2024,28,4,589,138,5508
2024,28,4,588,134,5642
2024,28,4,587,104,5746
2024,28,4,586,127,5873
2024,28,4,585,138,6011
2024,28,4,584,122,6133
2024,28,4,583,116,6249
2024,28,4,582,122,6371
2024,28,4,581,115,6486
2024,28,4,580,133,6619
2024,28,4,579,116,6735
2024,28,4,578,130,6865
2024,28,4,577,147,7012
2024,28,4,576,125,7137
2024,28,4,575,152,7289
2024,28,4,574,156,7445
2024,28,4,573,124,7569
2024,28,4,572,132,7701
2024,28,4,571,157,7858
2024,28,4,570,124,7982
2024,28,4,569,144,8126
2024,28,4,568,145,8271
2024,28,4,567,124,8395
2024,28,4,566,147,8542
2024,28,4,565,166,8708
2024,28,4,564,150,8858
2024,28,4,563,164,9022
2024,28,4,562,164,9186
2024,28,4,561,130,9316
2024,28,4,560,163,9479
2024,28,4,559,160,9639
2024,28,4,558,164,9803
2024,28,4,557,168,9971
2024,28,4,556,172,10143
2024,28,4,555,155,10298
2024,28,4,554,167,10465
2024,28,4,553,178,10643
2024,28,4,552,160,10803
2024,28,4,551,185,10988
2024,28,4,550,162,11150
2024,28,4,549,179,11329
2024,28,4,548,171,11500
2024,28,4,547,194,11694
2024,28,4,546,195,11889
2024,28,4,545,204,12093
2024,28,4,544,190,12283
2024,28,4,543,167,12450
2024,28,4,542,177,12627
2024,28,4,541,208,12835
2024,28,4,540,179,13014
2024,28,4,539,182,13196
2024,28,4,538,169,13365
2024,28,4,537,183,13548
2024,28,4,536,191,13739
2024,28,4,535,205,13944
2024,28,4,534,202,14146
2024,28,4,533,197,14343
2024,28,4,532,178,14521
2024,28,4,531,205,14726
2024,28,4,530,197,14923
2024,28,4,529,193,15116
2024,28,4,528,193,15309
2024,28,4,527,198,15507
2024,28,4,526,205,15712
2024,28,4,525,206,15918
2024,28,4,524,213,16131
2024,28,4,523,203,16334
2024,28,4,522,191,16525
2024,28,4,521,215,16740
2024,28,4,520,240,16980
2024,28,4,519,221,17201
2024,28,4,518,214,17415
2024,28,4,517,205,17620
2024,28,4,516,219,17839
2024,28,4,515,220,18059
2024,28,4,514,209,18268
2024,28,4,513,228,18496
2024,28,4,512,229,18725
2024,28,4,511,248,18973
2024,28,4,510,217,19190
2024,28,4,509,218,19408
2024,28,4,508,235,19643
2024,28,4,507,226,19869
2024,28,4,506,214,20083
2024,28,4,505,222,20305
2024,28,4,504,208,20513
2024,28,4,503,252,20765
2024,28,4,502,224,20989
2024,28,4,501,221,21210
2024,28,4,500,216,21426
2024,28,4,499,245,21671
2024,28,4,498,236,21907
2024,28,4,497,231,22138
2024,28,4,496,285,22423
2024,28,4,495,223,22646
2024,28,4,494,220,22866
2024,28,4,493,256,23122
2024,28,4,492,262,23384
2024,28,4,491,244,23628
2024,28,4,490,268,23896
2024,28,4,489,276,24172
2024,28,4,488,245,24417
2024,28,4,487,260,24677
2024,28,4,486,258,24935
2024,28,4,485,245,25180
2024,28,4,484,240,25420
2024,28,4,483,243,25663
2024,28,4,482,267,25930
2024,28,4,481,292,26222
2024,28,4,480,273,26495
2024,28,4,479,273,26768
2024,28,4,478,266,27034
2024,28,4,477,260,27294
2024,28,4,476,247,27541
2024,28,4,475,255,27796
2024,28,4,474,302,28098
2024,28,4,473,259,28357
2024,28,4,472,262,28619
2024,28,4,471,265,28884
2024,28,4,470,251,29135
2024,28,4,469,255,29390
2024,28,4,468,283,29673
2024,28,4,467,254,29927
2024,28,4,466,269,30196
2024,28,4,465,288,30484
2024,28,4,464,288,30772
2024,28,4,463,263,31035
2024,28,4,462,296,31331
2024,28,4,461,277,31608
2024,28,4,460,289,31897
2024,28,4,459,286,32183
2024,28,4,458,290,32473
2024,28,4,457,271,32744
2024,28,4,456,278,33022
2024,28,4,455,266,33288
2024,28,4,454,290,33578
2024,28,4,453,268,33846
2024,28,4,452,274,34120
2024,28,4,451,273,34393
2024,28,4,450,272,34665
2024,28,4,449,304,34969
2024,28,4,448,266,35235
2024,28,4,447,322,35557
2024,28,4,446,285,35842
2024,28,4,445,313,36155
2024,28,4,444,331,36486
2024,28,4,443,274,36760
2024,28,4,442,313,37073
2024,28,4,441,272,37345
2024,28,4,440,278,37623
2024,28,4,439,278,37901
2024,28,4,438,293,38194
2024,28,4,437,326,38520
2024,28,4,436,301,38821
2024,28,4,435,284,39105
2024,28,4,434,311,39416
2024,28,4,433,316,39732
2024,28,4,432,307,40039
2024,28,4,431,323,40362
2024,28,4,430,284,40646
2024,28,4,429,293,40939
2024,28,4,428,295,41234
2024,28,4,427,305,41539
2024,28,4,426,308,41847
2024,28,4,425,275,42122
2024,28,4,424,316,42438
2024,28,4,423,297,42735
2024,28,4,422,311,43046
2024,28,4,421,293,43339
2024,28,4,420,340,43679
2024,28,4,419,308,43987
2024,28,4,418,342,44329
2024,28,4,417,315,44644
2024,28,4,416,304,44948
2024,28,4,415,285,45233
2024,28,4,414,312,45545
2024,28,4,413,301,45846
2024,28,4,412,339,46185
2024,28,4,411,315,46500
2024,28,4,410,321,46821
2024,28,4,409,312,47133
2024,28,4,408,313,47446
2024,28,4,407,326,47772
2024,28,4,406,300,48072
2024,28,4,405,298,48370
2024,28,4,404,323,48693
2024,28,4,403,332,49025
2024,28,4,402,320,49345
2024,28,4,401,313,49658
2024,28,4,400,311,49969
2024,28,4,399,289,50258
2024,28,4,398,318,50576
2024,28,4,397,344,50920
2024,28,4,396,292,51212
2024,28,4,395,325,51537
2024,28,4,394,330,51867
2024,28,4,393,282,52149
2024,28,4,392,321,52470
2024,28,4,391,311,52781
2024,28,4,390,315,53096
2024,28,4,389,348,53444
2024,28,4,388,310,53754
2024,28,4,387,316,54070
2024,28,4,386,306,54376
2024,28,4,385,335,54711
2024,28,4,384,301,55012
2024,28,4,383,305,55317
2024,28,4,382,292,55609
2024,28,4,381,313,55922
2024,28,4,380,323,56245
2024,28,4,379,330,56575
2024,28,4,378,295,56870
2024,28,4,377,299,57169
2024,28,4,376,306,57475
2024,28,4,375,300,57775
2024,28,4,374,299,58074
2024,28,4,373,299,58373
2024,28,4,372,317,58690
2024,28,4,371,300,58990
2024,28,4,370,290,59280
2024,28,4,369,269,59549
2024,28,4,368,281,59830
2024,28,4,367,279,60109
2024,28,4,366,304,60413
2024,28,4,365,294,60707
2024,28,4,364,262,60969
2024,28,4,363,294,61263
2024,28,4,362,300,61563
2024,28,4,361,265,61828
2024,28,4,360,266,62094
2024,28,4,359,286,62380
2024,28,4,358,283,62663
2024,28,4,357,296,62959
2024,28,4,356,270,63229
2024,28,4,355,273,63502
2024,28,4,354,294,63796
2024,28,4,353,283,64079
2024,28,4,352,306,64385
2024,28,4,351,261,64646
2024,28,4,350,276,64922
2024,28,4,349,286,65208
2024,28,4,348,264,65472
2024,28,4,347,277,65749
2024,28,4,346,254,66003
2024,28,4,345,232,66235
2024,28,4,344,266,66501
2024,28,4,343,254,66755
2024,28,4,342,251,67006
2024,28,4,341,267,67273
2024,28,4,340,251,67524
2024,28,4,339,216,67740
2024,28,4,338,258,67998
2024,28,4,337,264,68262
2024,28,4,336,279,68541
2024,28,4,335,240,68781
2024,28,4,334,238,69019
2024,28,4,333,240,69259
2024,28,4,332,271,69530
2024,28,4,331,218,69748
2024,28,4,330,240,69988
2024,28,4,329,217,70205
2024,28,4,328,228,70433
2024,28,4,327,233,70666
2024,28,4,326,244,70910
2024,28,4,325,220,71130
2024,28,4,324,217,71347
2024,28,4,323,230,71577
2024,28,4,322,212,71789
2024,28,4,321,220,72009
2024,28,4,320,222,72231
2024,28,4,319,218,72449
2024,28,4,318,202,72651
2024,28,4,317,219,72870
2024,28,4,316,202,73072
2024,28,4,315,198,73270
2024,28,4,314,236,73506
2024,28,4,313,201,73707
2024,28,4,312,203,73910
2024,28,4,311,198,74108
2024,28,4,310,191,74299
2024,28,4,309,181,74480
2024,28,4,308,192,74672
2024,28,4,307,192,74864
2024,28,4,306,195,75059
2024,28,4,305,190,75249
2024,28,4,304,159,75408
2024,28,4,303,171,75579
2024,28,4,302,157,75736
2024,28,4,301,187,75923
2024,28,4,300,157,76080
