year,province_id,subject_category_id,score,count_at_score,cumulative_count
2024,28,3,636,12,12
2024,28,3,635,2,14
2024,28,3,634,1,15
2024,28,3,633,2,17
2024,28,3,632,3,20
2024,28,3,631,3,23
2024,28,3,630,5,28
2024,28,3,629,5,33
2024,28,3,628,5,38
2024,28,3,627,7,45
2024,28,3,626,1,46
2024,28,3,625,2,48
2024,28,3,624,4,52
2024,28,3,623,4,56
2024,28,3,622,5,61
2024,28,3,621,3,64
2024,28,3,620,3,67
2024,28,3,619,3,70
2024,28,3,618,5,75
2024,28,3,617,10,85
2024,28,3,616,3,88
2024,28,3,615,14,102
2024,28,3,614,7,109
2024,28,3,613,9,118
2024,28,3,612,11,129
2024,28,3,611,11,140
2024,28,3,610,10,150
2024,28,3,609,9,159
2024,28,3,608,16,175
2024,28,3,607,6,181
2024,28,3,606,16,197
2024,28,3,605,7,204
2024,28,3,604,8,212
2024,28,3,603,20,232
2024,28,3,602,13,245
2024,28,3,601,17,262
2024,28,3,600,17,279
2024,28,3,599,8,287
2024,28,3,598,21,308
2024,28,3,597,12,320
2024,28,3,596,19,339
2024,28,3,595,9,348
2024,28,3,594,19,367
2024,28,3,593,17,384
2024,28,3,592,20,404
2024,28,3,591,12,416
2024,28,3,590,21,437
2024,28,3,589,15,452
2024,28,3,588,13,465
2024,28,3,587,29,494
2024,28,3,586,17,511
2024,28,3,585,25,536
2024,28,3,584,29,565
2024,28,3,583,17,582
2024,28,3,582,14,596
2024,28,3,581,24,620
2024,28,3,580,23,643
2024,28,3,579,29,672
2024,28,3,578,26,698
2024,28,3,577,16,714
2024,28,3,576,18,732
2024,28,3,575,31,763
2024,28,3,574,39,802
2024,28,3,573,38,840
2024,28,3,572,33,873
2024,28,3,571,37,910
2024,28,3,570,37,947
2024,28,3,569,27,974
2024,28,3,568,37,1011
2024,28,3,567,33,1044
2024,28,3,566,35,1079
2024,28,3,565,36,1115
2024,28,3,564,44,1159
2024,28,3,563,32,1191
2024,28,3,562,44,1235
2024,28,3,561,49,1284
2024,28,3,560,40,1324
2024,28,3,559,46,1370
2024,28,3,558,39,1409
2024,28,3,557,27,1436
2024,28,3,556,43,1479
2024,28,3,555,47,1526
2024,28,3,554,44,1570
2024,28,3,553,52,1622
2024,28,3,552,53,1675
2024,28,3,551,51,1726
2024,28,3,550,43,1769
2024,28,3,549,42,1811
2024,28,3,548,56,1867
2024,28,3,547,47,1914
2024,28,3,546,48,1962
2024,28,3,545,58,2020
2024,28,3,544,62,2082
2024,28,3,543,60,2142
2024,28,3,542,43,2185
2024,28,3,541,49,2234
2024,28,3,540,47,2281
2024,28,3,539,43,2324
2024,28,3,538,61,2385
2024,28,3,537,63,2448
2024,28,3,536,59,2507
2024,28,3,535,64,2571
2024,28,3,534,53,2624
2024,28,3,533,70,2694
2024,28,3,532,63,2757
2024,28,3,531,59,2816
2024,28,3,530,53,2869
2024,28,3,529,72,2941
2024,28,3,528,53,2994
2024,28,3,527,74,3068
2024,28,3,526,73,3141
2024,28,3,525,73,3214
2024,28,3,524,46,3260
2024,28,3,523,64,3324
2024,28,3,522,65,3389
2024,28,3,521,77,3466
2024,28,3,520,73,3539
2024,28,3,519,72,3611
2024,28,3,518,93,3704
2024,28,3,517,78,3782
2024,28,3,516,75,3857
2024,28,3,515,51,3908
2024,28,3,514,82,3990
2024,28,3,513,84,4074
2024,28,3,512,81,4155
2024,28,3,511,72,4227
2024,28,3,510,91,4318
2024,28,3,509,104,4422
2024,28,3,508,80,4502
2024,28,3,507,76,4578
2024,28,3,506,82,4660
2024,28,3,505,91,4751
2024,28,3,504,77,4828
2024,28,3,503,94,4922
2024,28,3,502,82,5004
2024,28,3,501,89,5093
2024,28,3,500,95,5188
2024,28,3,499,76,5264
2024,28,3,498,78,5342
2024,28,3,497,84,5426
2024,28,3,496,80,5506
2024,28,3,495,101,5607
2024,28,3,494,103,5710
2024,28,3,493,91,5801
2024,28,3,492,86,5887
2024,28,3,491,86,5973
2024,28,3,490,105,6078
2024,28,3,489,81,6159
2024,28,3,488,98,6257
2024,28,3,487,92,6349
2024,28,3,486,113,6462
2024,28,3,485,88,6550
2024,28,3,484,85,6635
2024,28,3,483,103,6738
2024,28,3,482,85,6823
2024,28,3,481,91,6914
2024,28,3,480,85,6999
2024,28,3,479,102,7101
2024,28,3,478,103,7204
2024,28,3,477,82,7286
2024,28,3,476,115,7401
2024,28,3,475,92,7493
2024,28,3,474,107,7600
2024,28,3,473,103,7703
2024,28,3,472,128,7831
2024,28,3,471,111,7942
2024,28,3,470,97,8039
2024,28,3,469,104,8143
2024,28,3,468,92,8235
2024,28,3,467,110,8345
2024,28,3,466,103,8448
2024,28,3,465,102,8550
2024,28,3,464,127,8677
2024,28,3,463,107,8784
2024,28,3,462,106,8890
2024,28,3,461,118,9008
2024,28,3,460,111,9119
2024,28,3,459,129,9248
2024,28,3,458,103,9351
2024,28,3,457,110,9461
2024,28,3,456,116,9577
2024,28,3,455,119,9696
2024,28,3,454,109,9805
2024,28,3,453,139,9944
2024,28,3,452,127,10071
2024,28,3,451,115,10186
2024,28,3,450,111,10297
2024,28,3,449,126,10423
2024,28,3,448,105,10528
2024,28,3,447,123,10651
2024,28,3,446,139,10790
2024,28,3,445,109,10899
2024,28,3,444,102,11001
2024,28,3,443,108,11109
2024,28,3,442,116,11225
2024,28,3,441,142,11367
2024,28,3,440,108,11475
2024,28,3,439,111,11586
2024,28,3,438,134,11720
2024,28,3,437,133,11853
2024,28,3,436,118,11971
2024,28,3,435,128,12099
2024,28,3,434,115,12214
2024,28,3,433,114,12328
2024,28,3,432,120,12448
2024,28,3,431,126,12574
2024,28,3,430,111,12685
2024,28,3,429,137,12822
2024,28,3,428,118,12940
2024,28,3,427,146,13086
2024,28,3,426,121,13207
2024,28,3,425,108,13315
2024,28,3,424,140,13455
2024,28,3,423,124,13579
2024,28,3,422,129,13708
2024,28,3,421,121,13829
2024,28,3,420,148,13977
2024,28,3,419,147,14124
2024,28,3,418,155,14279
2024,28,3,417,134,14413
2024,28,3,416,146,14559
2024,28,3,415,121,14680
2024,28,3,414,128,14808
2024,28,3,413,154,14962
2024,28,3,412,123,15085
2024,28,3,411,116,15201
2024,28,3,410,129,15330
2024,28,3,409,132,15462
2024,28,3,408,112,15574
2024,28,3,407,118,15692
2024,28,3,406,126,15818
2024,28,3,405,120,15938
2024,28,3,404,144,16082
2024,28,3,403,112,16194
2024,28,3,402,119,16313
2024,28,3,401,136,16449
2024,28,3,400,115,16564
2024,28,3,399,104,16668
2024,28,3,398,104,16772
2024,28,3,397,132,16904
2024,28,3,396,148,17052
2024,28,3,395,124,17176
2024,28,3,394,113,17289
2024,28,3,393,115,17404
2024,28,3,392,113,17517
2024,28,3,391,123,17640
2024,28,3,390,117,17757
2024,28,3,389,121,17878
2024,28,3,388,120,17998
2024,28,3,387,114,18112
2024,28,3,386,117,18229
2024,28,3,385,124,18353
2024,28,3,384,124,18477
2024,28,3,383,150,18627
2024,28,3,382,128,18755
2024,28,3,381,120,18875
2024,28,3,380,126,19001
2024,28,3,379,128,19129
2024,28,3,378,134,19263
2024,28,3,377,117,19380
2024,28,3,376,106,19486
2024,28,3,375,117,19603
2024,28,3,374,119,19722
2024,28,3,373,124,19846
2024,28,3,372,137,19983
2024,28,3,371,121,20104
2024,28,3,370,118,20222
2024,28,3,369,107,20329
2024,28,3,368,109,20438
2024,28,3,367,122,20560
2024,28,3,366,112,20672
2024,28,3,365,124,20796
2024,28,3,364,102,20898
2024,28,3,363,129,21027
2024,28,3,362,101,21128
2024,28,3,361,118,21246
2024,28,3,360,93,21339
2024,28,3,359,129,21468
2024,28,3,358,102,21570
2024,28,3,357,119,21689
2024,28,3,356,126,21815
2024,28,3,355,107,21922
2024,28,3,354,106,22028
2024,28,3,353,95,22123
2024,28,3,352,125,22248
2024,28,3,351,114,22362
2024,28,3,350,106,22468
2024,28,3,349,102,22570
2024,28,3,348,94,22664
2024,28,3,347,114,22778
2024,28,3,346,100,22878
2024,28,3,345,89,22967
2024,28,3,344,82,23049
2024,28,3,343,103,23152
2024,28,3,342,107,23259
2024,28,3,341,108,23367
2024,28,3,340,99,23466
2024,28,3,339,89,23555
2024,28,3,338,104,23659
2024,28,3,337,72,23731
2024,28,3,336,88,23819
2024,28,3,335,109,23928
2024,28,3,334,98,24026
2024,28,3,333,81,24107
2024,28,3,332,99,24206
2024,28,3,331,89,24295
2024,28,3,330,79,24374
2024,28,3,329,92,24466
2024,28,3,328,82,24548
2024,28,3,327,74,24622
2024,28,3,326,78,24700
2024,28,3,325,72,24772
2024,28,3,324,74,24846
2024,28,3,323,84,24930
2024,28,3,322,80,25010
2024,28,3,321,69,25079
2024,28,3,320,88,25167
2024,28,3,319,84,25251
2024,28,3,318,69,25320
2024,28,3,317,75,25395
2024,28,3,316,92,25487
2024,28,3,315,66,25553
2024,28,3,314,85,25638
2024,28,3,313,51,25689
2024,28,3,312,69,25758
2024,28,3,311,86,25844
2024,28,3,310,75,25919
2024,28,3,309,53,25972
2024,28,3,308,69,26041
2024,28,3,307,81,26122
2024,28,3,306,60,26182
2024,28,3,305,49,26231
2024,28,3,304,75,26306
2024,28,3,303,53,26359
2024,28,3,302,62,26421
2024,28,3,301,69,26490
2024,28,3,300,61,26551
