year,province_id,subject_category_id,score,count_at_score,cumulative_count
2024,20,5,700,117 ,117 
2024,20,5,699 ,15 ,132 
2024,20,5,698 ,16 ,148 
2024,20,5,697 ,17 ,165 
2024,20,5,696 ,18 ,183 
2024,20,5,695 ,19 ,202 
2024,20,5,694 ,23 ,205 
2024,20,5,693 ,26 ,251 
2024,20,5,692 ,27 ,278 
2024,20,5,691 ,49 ,327 
2024,20,5,690 ,27 ,354 
2024,20,5,689 ,30 ,384 
2024,20,5,688 ,39 ,423 
2024,20,5,687 ,25 ,448 
2024,20,5,686 ,30 ,478 
2024,20,5,685 ,44 ,520 
2024,20,5,684 ,47 ,569 
2024,20,5,683 ,56 ,625 
2024,20,5,682 ,46 ,671 
2024,20,5,681 ,51 ,720 
2024,20,5,680 ,42 ,764 
2024,20,5,679 ,49 ,813 
2024,20,5,678 ,59 ,872 
2024,20,5,677 ,60 ,932 
2024,20,5,676 ,64 ,996 
2024,20,5,675 ,81 ,1077 
2024,20,5,674 ,61 ,1138 
2024,20,5,673 ,66 ,1204 
2024,20,5,672 ,57 ,1261 
2024,20,5,671 ,82 ,1343 
2024,20,5,670 ,77 ,1420 
2024,20,5,669 ,58 ,1478 
2024,20,5,668 ,79 ,1557 
2024,20,5,667 ,60 ,1617 
2024,20,5,666 ,87 ,1704 
2024,20,5,665 ,72 ,1776 
2024,20,5,664 ,84 ,1860 
2024,20,5,663 ,89 ,1949 
2024,20,5,662 ,87 ,2036 
2024,20,5,661 ,82 ,2118 
2024,20,5,660 ,105 ,2023 
2024,20,5,659 ,79 ,2302 
2024,20,5,658 ,93 ,2395 
2024,20,5,657 ,96 ,2491 
2024,20,5,656 ,101 ,2592 
2024,20,5,655 ,95 ,2687 
2024,20,5,654 ,89 ,2776 
2024,20,5,653 ,100 ,2876 
2024,20,5,652 ,100 ,2976 
2024,20,5,651 ,89 ,3065 
2024,20,5,650 ,111 ,3176 
2024,20,5,649 ,91 ,3267 
2024,20,5,648 ,115 ,3382 
2024,20,5,647 ,120 ,3504 
2024,20,5,646 ,107 ,3611 
2024,20,5,645 ,115 ,3726 
2024,20,5,644 ,118 ,3844 
2024,20,5,643 ,136 ,3980 
2024,20,5,642 ,128 ,4108 
2024,20,5,641 ,131 ,4239 
2024,20,5,640 ,126 ,4365 
2024,20,5,639 ,113 ,4478 
2024,20,5,638 ,155 ,4633 
2024,20,5,637 ,156 ,4789 
2024,20,5,636 ,140 ,4929 
2024,20,5,635 ,126 ,5055 
2024,20,5,634 ,121 ,5176 
2024,20,5,633 ,131 ,5307 
2024,20,5,632 ,160 ,5467 
2024,20,5,631 ,156 ,5623 
2024,20,5,630 ,160 ,5783 
2024,20,5,629 ,142 ,5925 
2024,20,5,628 ,160 ,6085 
2024,20,5,627 ,130 ,6215 
2024,20,5,626 ,165 ,6380 
2024,20,5,625 ,166 ,6546 
2024,20,5,624 ,147 ,6693 
2024,20,5,623 ,155 ,6848 
2024,20,5,620 ,153 ,7001 
2024,20,5,621 ,171 ,7172 
2024,20,5,620 ,170 ,7342 
2024,20,5,619 ,149 ,7491 
2024,20,5,618 ,160 ,7651 
2024,20,5,617 ,156 ,7807 
2024,20,5,616 ,173 ,7980 
2024,20,5,615 ,172 ,8152 
2024,20,5,614 ,142 ,8294 
2024,20,5,613 ,178 ,8472 
2024,20,5,612 ,188 ,8660 
2024,20,5,611 ,182 ,8842 
2024,20,5,610 ,180 ,9020 
2024,20,5,609 ,157 ,9179 
2024,20,5,608 ,154 ,9333 
2024,20,5,607 ,166 ,9499 
2024,20,5,606 ,179 ,9678 
2024,20,5,605 ,172 ,9850 
2024,20,5,604 ,191 ,10041 
2024,20,5,603 ,172 ,10213 
2024,20,5,602 ,170 ,10383 
2024,20,5,601 ,202 ,10585 
2024,20,5,600 ,202 ,10787 
2024,20,5,599 ,193 ,10980 
2024,20,5,598 ,177 ,11157 
2024,20,5,597 ,191 ,11348 
2024,20,5,596 ,200 ,11548 
2024,20,5,595 ,177 ,11725 
2024,20,5,594 ,182 ,11907 
2024,20,5,593 ,188 ,12095 
2024,20,5,592 ,168 ,12063 
2024,20,5,591 ,170 ,12433 
2024,20,5,590 ,181 ,12614 
2024,20,5,589 ,180 ,12794 
2024,20,5,588 ,186 ,12980 
2024,20,5,587 ,214 ,13194 
2024,20,5,586 ,213 ,13407 
2024,20,5,585 ,203 ,13610 
2024,20,5,584 ,187 ,13797 
2024,20,5,583 ,206 ,14003 
2024,20,5,582 ,195 ,14198 
2024,20,5,581 ,204 ,14402 
2024,20,5,580 ,194 ,14596 
2024,20,5,579 ,216 ,14812 
2024,20,5,578 ,201 ,15033 
2024,20,5,577 ,191 ,15204 
2024,20,5,576 ,204 ,15428 
2024,20,5,575 ,210 ,15638 
2024,20,5,574 ,201 ,15859 
2024,20,5,573 ,210 ,16069 
2024,20,5,572 ,198 ,16267 
2024,20,5,571 ,214 ,16481 
2024,20,5,570 ,177 ,16658 
2024,20,5,569 ,205 ,16863 
2024,20,5,568 ,238 ,17101 
2024,20,5,567 ,198 ,17299 
2024,20,5,566 ,210 ,17509 
2024,20,5,565 ,219 ,17728 
2024,20,5,564 ,230 ,17958 
2024,20,5,563 ,217 ,18175 
2024,20,5,562 ,200 ,18395 
2024,20,5,561 ,171 ,18566 
2024,20,5,560 ,206 ,18792 
2024,20,5,559 ,191 ,18983 
2024,20,5,558 ,212 ,19195 
2024,20,5,557 ,207 ,19420 
2024,20,5,556 ,237 ,19659 
2024,20,5,555 ,208 ,19867 
2024,20,5,554 ,219 ,20086 
2024,20,5,553 ,205 ,20311 
2024,20,5,552 ,213 ,20524 
2024,20,5,551 ,205 ,20749 
2024,20,5,550 ,241 ,20990 
2024,20,5,549 ,208 ,21198 
2024,20,5,548 ,235 ,21433 
2024,20,5,547 ,206 ,21659 
2024,20,5,546 ,202 ,21881 
2024,20,5,545 ,193 ,20074 
2024,20,5,544 ,204 ,20278 
2024,20,5,543 ,198 ,20476 
2024,20,5,542 ,219 ,20695 
2024,20,5,541 ,200 ,20915 
2024,20,5,540 ,207 ,23120 
2024,20,5,539 ,243 ,23365 
2024,20,5,538 ,242 ,23607 
2024,20,5,537 ,217 ,23824 
2024,20,5,536 ,208 ,24052 
2024,20,5,535 ,204 ,24276 
2024,20,5,534 ,217 ,24493 
2024,20,5,533 ,253 ,24746 
2024,20,5,532 ,230 ,24976 
2024,20,5,531 ,206 ,25202 
2024,20,5,530 ,212 ,25414 
2024,20,5,529 ,216 ,25630 
2024,20,5,528 ,212 ,25842 
2024,20,5,527 ,203 ,26065 
2024,20,5,526 ,200 ,26285 
2024,20,5,525 ,261 ,26546 
2024,20,5,524 ,206 ,26772 
2024,20,5,523 ,204 ,26996 
2024,20,5,520 ,238 ,27234 
2024,20,5,521 ,259 ,27493 
2024,20,5,520 ,235 ,27728 
2024,20,5,519 ,213 ,27941 
2024,20,5,518 ,206 ,28167 
2024,20,5,517 ,250 ,28417 
2024,20,5,516 ,205 ,28620 
2024,20,5,515 ,208 ,28850 
2024,20,5,514 ,233 ,29083 
2024,20,5,513 ,234 ,29317 
2024,20,5,512 ,233 ,29550 
2024,20,5,511 ,201 ,29771 
2024,20,5,510 ,213 ,29984 
2024,20,5,509 ,193 ,30177 
2024,20,5,508 ,207 ,30404 
2024,20,5,507 ,248 ,30652 
2024,20,5,506 ,204 ,30876 
2024,20,5,505 ,245 ,31121 
2024,20,5,504 ,247 ,31368 
2024,20,5,503 ,206 ,31574 
2024,20,5,502 ,200 ,31794 
2024,20,5,501 ,217 ,32011 
2024,20,5,500 ,197 ,32008 
2024,20,5,499 ,235 ,32443 
2024,20,5,498 ,204 ,32667 
2024,20,5,497 ,240 ,32907 
2024,20,5,496 ,200 ,33127 
2024,20,5,495 ,207 ,33354 
2024,20,5,494 ,218 ,33572 
2024,20,5,493 ,200 ,33792 
2024,20,5,492 ,215 ,34007 
2024,20,5,491 ,209 ,34236 
2024,20,5,490 ,206 ,34462 
2024,20,5,489 ,209 ,34671 
2024,20,5,488 ,205 ,34896 
2024,20,5,487 ,232 ,35128 
2024,20,5,486 ,210 ,35338 
2024,20,5,485 ,211 ,35549 
2024,20,5,484 ,207 ,35756 
2024,20,5,483 ,175 ,35931 
2024,20,5,482 ,207 ,36158 
2024,20,5,481 ,210 ,36368 
2024,20,5,480 ,194 ,36562 
2024,20,5,479 ,231 ,36793 
2024,20,5,478 ,204 ,36997 
2024,20,5,477 ,197 ,37194 
2024,20,5,476 ,213 ,37407 
2024,20,5,475 ,185 ,37592 
2024,20,5,474 ,215 ,37807 
2024,20,5,473 ,217 ,38024 
2024,20,5,472 ,208 ,38232 
2024,20,5,471 ,213 ,38445 
2024,20,5,470 ,190 ,38635 
2024,20,5,469 ,156 ,38791 
2024,20,5,468 ,206 ,38997 
2024,20,5,467 ,206 ,39203 
2024,20,5,466 ,187 ,39390 
2024,20,5,465 ,200 ,39590 
2024,20,5,464 ,184 ,39774 
2024,20,5,463 ,197 ,39971 
2024,20,5,462 ,179 ,40150 
2024,20,5,461 ,168 ,40318 
2024,20,5,460 ,195 ,40513 
2024,20,5,459 ,203 ,40716 
2024,20,5,458 ,174 ,40890 
2024,20,5,457 ,182 ,41072 
2024,20,5,456 ,183 ,41255 
2024,20,5,455 ,173 ,41428 
2024,20,5,454 ,176 ,41604 
2024,20,5,453 ,200 ,41804 
2024,20,5,452 ,167 ,41971 
2024,20,5,451 ,174 ,42145 
2024,20,5,450 ,169 ,42314 
2024,20,5,449 ,166 ,42480 
2024,20,5,448 ,198 ,42678 
2024,20,5,447 ,168 ,42846 
2024,20,5,446 ,176 ,43020 
2024,20,5,445 ,161 ,43183 
2024,20,5,444 ,186 ,43369 
2024,20,5,443 ,161 ,43530 
2024,20,5,442 ,155 ,43685 
2024,20,5,441 ,168 ,43853 
2024,20,5,440 ,167 ,44020 
2024,20,5,439 ,157 ,44177 
2024,20,5,438 ,170 ,44347 
2024,20,5,437 ,156 ,44503 
2024,20,5,436 ,149 ,44652 
2024,20,5,435 ,137 ,44789 
2024,20,5,434 ,134 ,44923 
2024,20,5,433 ,130 ,45053 
2024,20,5,432 ,161 ,45214 
2024,20,5,431 ,140 ,45354 
2024,20,5,430 ,167 ,45521 
2024,20,5,429 ,149 ,45670 
2024,20,5,428 ,145 ,45815 
2024,20,5,427 ,165 ,45980 
2024,20,5,426 ,132 ,46112 
2024,20,5,425 ,147 ,46259 
2024,20,5,424 ,154 ,46413 
2024,20,5,423 ,140 ,46553 
2024,20,5,420 ,123 ,46676 
2024,20,5,421 ,115 ,46791 
2024,20,5,420 ,130 ,46921 
2024,20,5,419 ,127 ,47048 
2024,20,5,418 ,129 ,47177 
2024,20,5,417 ,128 ,47305 
2024,20,5,416 ,113 ,47418 
2024,20,5,415 ,115 ,47533 
2024,20,5,414 ,112 ,47645 
2024,20,5,413 ,116 ,47761 
2024,20,5,412 ,110 ,47871 
2024,20,5,411 ,120 ,47993 
2024,20,5,410 ,98 ,48091 
2024,20,5,409 ,113 ,48204 
2024,20,5,408 ,120 ,48326 
2024,20,5,407 ,118 ,48444 
2024,20,5,406 ,120 ,48564 
2024,20,5,405 ,124 ,48688 
2024,20,5,404 ,112 ,48800 
2024,20,5,403 ,92 ,48892 
2024,20,5,402 ,104 ,48996 
2024,20,5,401 ,127 ,49123 
2024,20,5,400 ,107 ,49230 
2024,20,5,399,983 ,50213 
2024,20,5,389,848 ,51061 
2024,20,5,379,787 ,51848 
2024,20,5,369,689 ,52537 
2024,20,5,359,555 ,53092 
2024,20,5,349,527 ,53619 
2024,20,5,339,405 ,54024 
2024,20,5,329,348 ,54372 
2024,20,5,319,284 ,54656 
2024,20,5,309,256 ,54912 
2024,20,5,299,192 ,55104 
2024,20,5,289,158 ,55262 
2024,20,5,279,145 ,55407 
2024,20,5,269,104 ,55511 
2024,20,5,259,69 ,55580 
2024,20,5,249,70 ,55650 
2024,20,5,239,50 ,55700 
2024,20,5,209,27 ,55727 
2024,20,5,219,24 ,55751 
2024,20,5,209,27 ,55778 
2024,20,5,199,17 ,55795 
