year,province_id,subject_category_id,score,count_at_score,cumulative_count
2024,27,1,699,51,51
2024,27,1,698,12,63
2024,27,1,697,14,77
2024,27,1,696,8,85
2024,27,1,695,9,94
2024,27,1,694,16,110
2024,27,1,693,21,131
2024,27,1,692,21,152
2024,27,1,691,14,166
2024,27,1,690,30,196
2024,27,1,689,32,228
2024,27,1,688,30,258
2024,27,1,687,33,291
2024,27,1,686,25,316
2024,27,1,685,53,369
2024,27,1,684,35,404
2024,27,1,683,42,446
2024,27,1,682,57,503
2024,27,1,681,57,560
2024,27,1,680,58,618
2024,27,1,679,53,671
2024,27,1,678,70,741
2024,27,1,677,78,819
2024,27,1,676,75,894
2024,27,1,675,72,966
2024,27,1,674,81,1047
2024,27,1,673,87,1134
2024,27,1,672,116,1250
2024,27,1,671,85,1335
2024,27,1,670,106,1441
2024,27,1,669,122,1563
2024,27,1,668,106,1669
2024,27,1,667,117,1786
2024,27,1,666,129,1915
2024,27,1,665,131,2046
2024,27,1,664,122,2168
2024,27,1,663,130,2298
2024,27,1,662,158,2456
2024,27,1,661,160,2616
2024,27,1,660,156,2772
2024,27,1,659,166,2938
2024,27,1,658,192,3130
2024,27,1,657,182,3312
2024,27,1,656,173,3485
2024,27,1,655,180,3665
2024,27,1,654,194,3859
2024,27,1,653,213,4072
2024,27,1,652,242,4314
2024,27,1,651,214,4528
2024,27,1,650,231,4759
2024,27,1,649,229,4988
2024,27,1,648,223,5211
2024,27,1,647,233,5444
2024,27,1,646,261,5705
2024,27,1,645,271,5976
2024,27,1,644,264,6240
2024,27,1,643,290,6530
2024,27,1,642,284,6814
2024,27,1,641,295,7109
2024,27,1,640,303,7412
2024,27,1,639,272,7684
2024,27,1,638,313,7997
2024,27,1,637,320,8317
2024,27,1,636,315,8632
2024,27,1,635,338,8970
2024,27,1,634,346,9316
2024,27,1,633,356,9672
2024,27,1,632,352,10024
2024,27,1,631,389,10413
2024,27,1,630,363,10776
2024,27,1,629,429,11205
2024,27,1,628,385,11590
2024,27,1,627,372,11962
2024,27,1,626,432,12394
2024,27,1,625,431,12825
2024,27,1,624,420,13245
2024,27,1,623,457,13702
2024,27,1,622,462,14164
2024,27,1,621,468,14632
2024,27,1,620,458,15090
2024,27,1,619,472,15562
2024,27,1,618,465,16027
2024,27,1,617,524,16551
2024,27,1,616,513,17064
2024,27,1,615,499,17563
2024,27,1,614,550,18113
2024,27,1,613,512,18625
2024,27,1,612,568,19193
2024,27,1,611,573,19766
2024,27,1,610,555,20321
2024,27,1,609,506,20827
2024,27,1,608,556,21383
2024,27,1,607,573,21956
2024,27,1,606,567,22523
2024,27,1,605,590,23113
2024,27,1,604,595,23708
2024,27,1,603,615,24323
2024,27,1,602,641,24964
2024,27,1,601,637,25601
2024,27,1,600,639,26240
2024,27,1,599,643,26883
2024,27,1,598,643,27526
2024,27,1,597,722,28248
2024,27,1,596,681,28929
2024,27,1,595,667,29596
2024,27,1,594,726,30322
2024,27,1,593,680,31002
2024,27,1,592,691,31693
2024,27,1,591,777,32470
2024,27,1,590,775,33245
2024,27,1,589,746,33991
2024,27,1,588,799,34790
2024,27,1,587,747,35537
2024,27,1,586,801,36338
2024,27,1,585,750,37088
2024,27,1,584,823,37911
2024,27,1,583,808,38719
2024,27,1,582,785,39504
2024,27,1,581,863,40367
2024,27,1,580,827,41194
2024,27,1,579,860,42054
2024,27,1,578,887,42941
2024,27,1,577,869,43810
2024,27,1,576,873,44683
2024,27,1,575,896,45579
2024,27,1,574,926,46505
2024,27,1,573,946,47451
2024,27,1,572,886,48337
2024,27,1,571,894,49231
2024,27,1,570,890,50121
2024,27,1,569,914,51035
2024,27,1,568,965,52000
2024,27,1,567,970,52970
2024,27,1,566,959,53929
2024,27,1,565,960,54889
2024,27,1,564,1012,55901
2024,27,1,563,1008,56909
2024,27,1,562,1003,57912
2024,27,1,561,1006,58918
2024,27,1,560,1067,59985
2024,27,1,559,1015,61000
2024,27,1,558,1014,62014
2024,27,1,557,980,62994
2024,27,1,556,1026,64020
2024,27,1,555,1038,65058
2024,27,1,554,1089,66147
2024,27,1,553,1063,67210
2024,27,1,552,1109,68319
2024,27,1,551,1089,69408
2024,27,1,550,1165,70573
2024,27,1,549,1172,71745
2024,27,1,548,1116,72861
2024,27,1,547,1176,74037
2024,27,1,546,1099,75136
2024,27,1,545,1211,76347
2024,27,1,544,1121,77468
2024,27,1,543,1156,78624
2024,27,1,542,1137,79761
2024,27,1,541,1256,81017
2024,27,1,540,1139,82156
2024,27,1,539,1198,83354
2024,27,1,538,1256,84610
2024,27,1,537,1196,85806
2024,27,1,536,1197,87003
2024,27,1,535,1278,88281
2024,27,1,534,1245,89526
2024,27,1,533,1213,90739
2024,27,1,532,1278,92017
2024,27,1,531,1298,93315
2024,27,1,530,1313,94628
2024,27,1,529,1216,95844
2024,27,1,528,1362,97206
2024,27,1,527,1258,98464
2024,27,1,526,1349,99813
2024,27,1,525,1282,101095
2024,27,1,524,1325,102420
2024,27,1,523,1348,103768
2024,27,1,522,1403,105171
2024,27,1,521,1339,106510
2024,27,1,520,1320,107830
2024,27,1,519,1369,109199
2024,27,1,518,1344,110543
2024,27,1,517,1357,111900
2024,27,1,516,1361,113261
2024,27,1,515,1349,114610
2024,27,1,514,1362,115972
2024,27,1,513,1365,117337
2024,27,1,512,1404,118741
2024,27,1,511,1401,120142
2024,27,1,510,1332,121474
2024,27,1,509,1407,122881
2024,27,1,508,1414,124295
2024,27,1,507,1433,125728
2024,27,1,506,1431,127159
2024,27,1,505,1464,128623
2024,27,1,504,1420,130043
2024,27,1,503,1443,131486
2024,27,1,502,1465,132951
2024,27,1,501,1428,134379
2024,27,1,500,1479,135858
2024,27,1,499,1411,137269
2024,27,1,498,1572,138841
2024,27,1,497,1476,140317
2024,27,1,496,1469,141786
2024,27,1,495,1503,143289
2024,27,1,494,1435,144724
2024,27,1,493,1435,146159
2024,27,1,492,1439,147598
2024,27,1,491,1482,149080
2024,27,1,490,1377,150457
2024,27,1,489,1434,151891
2024,27,1,488,1445,153336
2024,27,1,487,1496,154832
2024,27,1,486,1418,156250
2024,27,1,485,1406,157656
2024,27,1,484,1404,159060
2024,27,1,483,1474,160534
2024,27,1,482,1451,161985
2024,27,1,481,1484,163469
2024,27,1,480,1389,164858
2024,27,1,479,1488,166346
2024,27,1,478,1378,167724
2024,27,1,477,1373,169097
2024,27,1,476,1442,170539
2024,27,1,475,1410,171949
2024,27,1,474,1473,173422
2024,27,1,473,1410,174832
2024,27,1,472,1421,176253
2024,27,1,471,1470,177723
2024,27,1,470,1419,179142
2024,27,1,469,1439,180581
2024,27,1,468,1440,182021
2024,27,1,467,1350,183371
2024,27,1,466,1285,184656
2024,27,1,465,1404,186060
2024,27,1,464,1334,187394
2024,27,1,463,1416,188810
2024,27,1,462,1284,190094
2024,27,1,461,1356,191450
2024,27,1,460,1316,192766
2024,27,1,459,1321,194087
2024,27,1,458,1283,195370
2024,27,1,457,1255,196625
2024,27,1,456,1296,197921
2024,27,1,455,1256,199177
2024,27,1,454,1283,200460
2024,27,1,453,1248,201708
2024,27,1,452,1339,203047
2024,27,1,451,1270,204317
2024,27,1,450,1184,205501
2024,27,1,449,1273,206774
2024,27,1,448,1224,207998
2024,27,1,447,1186,209184
2024,27,1,446,1210,210394
2024,27,1,445,1167,211561
2024,27,1,444,1217,212778
2024,27,1,443,1185,213963
2024,27,1,442,1142,215105
2024,27,1,441,1102,216207
2024,27,1,440,1093,217300
2024,27,1,439,1128,218428
2024,27,1,438,1045,219473
2024,27,1,437,1120,220593
2024,27,1,436,1124,221717
2024,27,1,435,1016,222733
2024,27,1,434,1061,223794
2024,27,1,433,1042,224836
2024,27,1,432,1062,225898
2024,27,1,431,1015,226913
2024,27,1,430,993,227906
2024,27,1,429,982,228888
2024,27,1,428,1001,229889
2024,27,1,427,930,230819
2024,27,1,426,958,231777
2024,27,1,425,964,232741
2024,27,1,424,942,233683
2024,27,1,423,960,234643
2024,27,1,422,851,235494
2024,27,1,421,901,236395
2024,27,1,420,852,237247
2024,27,1,419,882,238129
2024,27,1,418,838,238967
2024,27,1,417,880,239847
2024,27,1,416,863,240710
2024,27,1,415,884,241594
2024,27,1,414,869,242463
2024,27,1,413,850,243313
2024,27,1,412,809,244122
2024,27,1,411,765,244887
2024,27,1,410,756,245643
2024,27,1,409,752,246395
2024,27,1,408,779,247174
2024,27,1,407,731,247905
2024,27,1,406,771,248676
2024,27,1,405,728,249404
2024,27,1,404,738,250142
2024,27,1,403,725,250867
2024,27,1,402,702,251569
2024,27,1,401,689,252258
2024,27,1,400,671,252929
2024,27,1,399,676,253605
2024,27,1,398,670,254275
2024,27,1,397,672,254947
2024,27,1,396,604,255551
2024,27,1,395,623,256174
2024,27,1,394,665,256839
2024,27,1,393,653,257492
2024,27,1,392,625,258117
2024,27,1,391,622,258739
2024,27,1,390,601,259340
2024,27,1,389,578,259918
2024,27,1,388,599,260517
2024,27,1,387,596,261113
2024,27,1,386,574,261687
2024,27,1,385,583,262270
2024,27,1,384,570,262840
2024,27,1,383,540,263380
2024,27,1,382,560,263940
2024,27,1,381,548,264488
2024,27,1,380,538,265026
2024,27,1,379,540,265566
2024,27,1,378,534,266100
2024,27,1,377,473,266573
2024,27,1,376,489,267062
2024,27,1,375,453,267515
2024,27,1,374,464,267979
2024,27,1,373,469,268448
2024,27,1,372,461,268909
2024,27,1,371,425,269334
2024,27,1,370,467,269801
2024,27,1,369,435,270236
2024,27,1,368,430,270666
2024,27,1,367,438,271104
2024,27,1,366,429,271533
2024,27,1,365,454,271987
2024,27,1,364,432,272419
2024,27,1,363,425,272844
2024,27,1,362,424,273268
2024,27,1,361,400,273668
2024,27,1,360,420,274088
2024,27,1,359,399,274487
2024,27,1,358,404,274891
2024,27,1,357,415,275306
2024,27,1,356,404,275710
2024,27,1,355,391,276101
2024,27,1,354,381,276482
2024,27,1,353,358,276840
2024,27,1,352,351,277191
2024,27,1,351,348,277539
2024,27,1,350,335,277874
2024,27,1,349,328,278202
2024,27,1,348,310,278512
2024,27,1,347,336,278848
2024,27,1,346,338,279186
2024,27,1,345,352,279538
2024,27,1,344,342,279880
2024,27,1,343,354,280234
2024,27,1,342,342,280576
2024,27,1,341,334,280910
2024,27,1,340,296,281206
2024,27,1,339,316,281522
2024,27,1,338,314,281836
2024,27,1,337,299,282135
2024,27,1,336,331,282466
2024,27,1,335,295,282761
2024,27,1,334,278,283039
2024,27,1,333,299,283338
2024,27,1,332,267,283605
2024,27,1,331,278,283883
2024,27,1,330,288,284171
2024,27,1,329,254,284425
2024,27,1,328,229,284654
2024,27,1,327,243,284897
2024,27,1,326,259,285156
2024,27,1,325,271,285427
2024,27,1,324,284,285711
2024,27,1,323,260,285971
2024,27,1,322,247,286218
2024,27,1,321,218,286436
2024,27,1,320,259,286695
2024,27,1,319,233,286928
2024,27,1,318,219,287147
2024,27,1,317,228,287375
2024,27,1,316,216,287591
2024,27,1,315,232,287823
2024,27,1,314,248,288071
2024,27,1,313,244,288315
2024,27,1,312,208,288523
2024,27,1,311,219,288742
2024,27,1,310,251,288993
2024,27,1,309,210,289203
2024,27,1,308,215,289418
2024,27,1,307,203,289621
2024,27,1,306,194,289815
2024,27,1,305,206,290021
2024,27,1,304,213,290234
2024,27,1,303,219,290453
2024,27,1,302,198,290651
2024,27,1,301,207,290858
2024,27,1,300,180,291038
