year,province_id,subject_category_id,score,count_at_score,cumulative_count
2024,2,5,680,41,389
2024,2,5,679,32,421
2024,2,5,678,44,465
2024,2,5,677,41,506
2024,2,5,676,46,552
2024,2,5,675,50,602
2024,2,5,674,36,638
2024,2,5,673,58,696
2024,2,5,672,42,738
2024,2,5,671,50,788
2024,2,5,670,50,838
2024,2,5,669,69,907
2024,2,5,668,55,962
2024,2,5,667,78,1040
2024,2,5,666,56,1096
2024,2,5,665,65,1161
2024,2,5,664,76,1237
2024,2,5,663,78,1315
2024,2,5,662,88,1403
2024,2,5,661,86,1489
2024,2,5,660,78,1567
2024,2,5,659,87,1654
2024,2,5,658,81,1735
2024,2,5,657,108,1843
2024,2,5,656,94,1937
2024,2,5,655,100,2037
2024,2,5,654,103,2140
2024,2,5,653,107,2247
2024,2,5,652,90,2337
2024,2,5,651,111,2448
2024,2,5,650,113,2561
2024,2,5,649,112,2673
2024,2,5,648,136,2809
2024,2,5,647,122,2931
2024,2,5,646,116,3047
2024,2,5,645,142,3189
2024,2,5,644,137,3326
2024,2,5,643,134,3460
2024,2,5,642,138,3598
2024,2,5,641,149,3747
2024,2,5,640,145,3892
2024,2,5,639,164,4056
2024,2,5,638,127,4183
2024,2,5,637,139,4322
2024,2,5,636,162,4484
2024,2,5,635,169,4653
2024,2,5,634,156,4809
2024,2,5,633,160,4969
2024,2,5,632,175,5144
2024,2,5,631,147,5291
2024,2,5,630,160,5451
2024,2,5,629,196,5647
2024,2,5,628,204,5851
2024,2,5,627,195,6046
2024,2,5,626,212,6258
2024,2,5,625,197,6455
2024,2,5,624,174,6629
2024,2,5,623,179,6808
2024,2,5,622,193,7001
2024,2,5,621,196,7197
2024,2,5,620,174,7371
2024,2,5,619,206,7577
2024,2,5,618,200,7777
2024,2,5,617,200,7977
2024,2,5,616,216,8193
2024,2,5,615,198,8391
2024,2,5,614,219,8610
2024,2,5,613,211,8821
2024,2,5,612,218,9039
2024,2,5,611,229,9268
2024,2,5,610,236,9504
2024,2,5,609,211,9715
2024,2,5,608,223,9938
2024,2,5,607,222,10160
2024,2,5,606,224,10384
2024,2,5,605,249,10633
2024,2,5,604,195,10828
2024,2,5,603,239,11067
2024,2,5,602,237,11304
2024,2,5,601,225,11529
2024,2,5,600,257,11786
2024,2,5,599,243,12029
2024,2,5,598,216,12245
2024,2,5,597,237,12482
2024,2,5,596,247,12729
2024,2,5,595,237,12966
2024,2,5,594,239,13205
2024,2,5,593,264,13469
2024,2,5,592,255,13724
2024,2,5,591,263,13987
2024,2,5,590,232,14219
2024,2,5,589,250,14469
2024,2,5,588,256,14725
2024,2,5,587,260,14985
2024,2,5,586,208,15193
2024,2,5,585,265,15458
2024,2,5,584,261,15719
2024,2,5,583,247,15966
2024,2,5,582,278,16244
2024,2,5,581,273,16517
2024,2,5,580,264,16781
2024,2,5,579,282,17063
2024,2,5,578,263,17326
2024,2,5,577,260,17586
2024,2,5,576,291,17877
2024,2,5,575,280,18157
2024,2,5,574,264,18421
2024,2,5,573,293,18714
2024,2,5,572,263,18977
2024,2,5,571,265,19242
2024,2,5,570,277,19519
2024,2,5,569,282,19801
2024,2,5,568,252,20053
2024,2,5,567,283,20336
2024,2,5,566,253,20589
2024,2,5,565,256,20845
2024,2,5,564,288,21133
2024,2,5,563,308,21441
2024,2,5,562,262,21703
2024,2,5,561,285,21988
2024,2,5,560,285,22273
2024,2,5,559,251,22524
2024,2,5,558,274,22798
2024,2,5,557,281,23079
2024,2,5,556,267,23346
2024,2,5,555,256,23602
2024,2,5,554,259,23861
2024,2,5,553,276,24137
2024,2,5,552,252,24389
2024,2,5,551,283,24672
2024,2,5,550,284,24956
2024,2,5,549,273,25229
2024,2,5,548,269,25498
2024,2,5,547,268,25766
2024,2,5,546,267,26033
2024,2,5,545,298,26331
2024,2,5,544,254,26585
2024,2,5,543,284,26869
2024,2,5,542,279,27148
2024,2,5,541,280,27428
2024,2,5,540,287,27715
2024,2,5,539,287,28002
2024,2,5,538,278,28280
2024,2,5,537,274,28554
2024,2,5,536,282,28836
2024,2,5,535,260,29096
2024,2,5,534,280,29376
2024,2,5,533,273,29649
2024,2,5,532,278,29927
2024,2,5,531,263,30190
2024,2,5,530,284,30474
2024,2,5,529,284,30758
2024,2,5,528,259,31017
2024,2,5,527,262,31279
2024,2,5,526,273,31552
2024,2,5,525,262,31814
2024,2,5,524,297,32111
2024,2,5,523,246,32357
2024,2,5,522,266,32623
2024,2,5,521,271,32894
2024,2,5,520,292,33186
2024,2,5,519,278,33464
2024,2,5,518,267,33731
2024,2,5,517,270,34001
2024,2,5,516,266,34267
2024,2,5,515,243,34510
2024,2,5,514,321,34831
2024,2,5,513,271,35102
2024,2,5,512,291,35393
2024,2,5,511,258,35651
2024,2,5,510,300,35951
2024,2,5,509,268,36219
2024,2,5,508,301,36520
2024,2,5,507,283,36803
2024,2,5,506,262,37065
2024,2,5,505,278,37343
2024,2,5,504,284,37627
2024,2,5,503,278,37905
2024,2,5,502,266,38171
2024,2,5,501,294,38465
2024,2,5,500,275,38740
2024,2,5,499,263,39003
2024,2,5,498,285,39288
2024,2,5,497,273,39561
2024,2,5,496,266,39827
2024,2,5,495,285,40112
2024,2,5,494,284,40396
2024,2,5,493,320,40716
2024,2,5,492,259,40975
2024,2,5,491,243,41218
2024,2,5,490,274,41492
2024,2,5,489,280,41772
2024,2,5,488,265,42037
2024,2,5,487,272,42309
2024,2,5,486,258,42567
2024,2,5,485,279,42846
2024,2,5,484,263,43109
2024,2,5,483,264,43373
2024,2,5,482,254,43627
2024,2,5,481,285,43912
2024,2,5,480,282,44194
2024,2,5,479,281,44475
2024,2,5,478,255,44730
2024,2,5,477,257,44987
2024,2,5,476,246,45233
2024,2,5,475,256,45489
2024,2,5,474,249,45738
2024,2,5,473,247,45985
2024,2,5,472,235,46220
2024,2,5,471,282,46502
2024,2,5,470,232,46734
2024,2,5,469,229,46963
2024,2,5,468,263,47226
2024,2,5,467,261,47487
2024,2,5,466,224,47711
2024,2,5,465,262,47973
2024,2,5,464,261,48234
2024,2,5,463,243,48477
2024,2,5,462,261,48738
2024,2,5,461,252,48990
2024,2,5,460,252,49242
2024,2,5,459,224,49466
2024,2,5,458,247,49713
2024,2,5,457,258,49971
2024,2,5,456,238,50209
2024,2,5,455,226,50435
2024,2,5,454,237,50672
2024,2,5,453,230,50902
2024,2,5,452,221,51123
2024,2,5,451,235,51358
2024,2,5,450,215,51573
2024,2,5,449,214,51787
2024,2,5,448,204,51991
2024,2,5,447,206,52197
2024,2,5,446,239,52436
2024,2,5,445,234,52670
2024,2,5,444,238,52908
2024,2,5,443,236,53144
2024,2,5,442,204,53348
2024,2,5,441,225,53573
2024,2,5,440,237,53810
2024,2,5,439,224,54034
2024,2,5,438,202,54236
2024,2,5,437,223,54459
2024,2,5,436,217,54676
2024,2,5,435,200,54876
2024,2,5,434,220,55096
2024,2,5,433,243,55339
2024,2,5,432,182,55521
2024,2,5,431,208,55729
2024,2,5,430,241,55970
2024,2,5,429,204,56174
2024,2,5,428,189,56363
2024,2,5,427,186,56549
2024,2,5,426,207,56756
2024,2,5,425,211,56967
2024,2,5,424,180,57147
2024,2,5,423,166,57313
2024,2,5,422,163,57476
2024,2,5,421,193,57669
2024,2,5,420,172,57841
2024,2,5,419,186,58027
2024,2,5,418,198,58225
2024,2,5,417,175,58400
2024,2,5,416,192,58592
2024,2,5,415,190,58782
2024,2,5,414,164,58946
2024,2,5,413,196,59142
2024,2,5,412,173,59315
2024,2,5,411,167,59482
2024,2,5,410,167,59649
2024,2,5,409,208,59857
2024,2,5,408,139,59996
2024,2,5,407,186,60182
2024,2,5,406,148,60330
2024,2,5,405,158,60488
2024,2,5,404,131,60619
2024,2,5,403,148,60767
2024,2,5,402,174,60941
2024,2,5,401,173,61114
2024,2,5,400,150,61264
2024,2,5,399,146,61410
2024,2,5,398,121,61531
2024,2,5,397,145,61676
2024,2,5,396,143,61819
2024,2,5,395,149,61968
2024,2,5,394,112,62080
2024,2,5,393,120,62200
2024,2,5,392,143,62343
2024,2,5,391,124,62467
2024,2,5,390,141,62608
2024,2,5,389,115,62723
2024,2,5,388,121,62844
2024,2,5,387,114,62958
2024,2,5,386,149,63107
2024,2,5,385,131,63238
2024,2,5,384,123,63361
2024,2,5,383,117,63478
2024,2,5,382,115,63593
2024,2,5,381,118,63711
2024,2,5,380,123,63834
2024,2,5,379,99,63933
2024,2,5,378,101,64034
2024,2,5,377,90,64124
2024,2,5,376,119,64243
2024,2,5,375,102,64345
2024,2,5,374,107,64452
2024,2,5,373,106,64558
2024,2,5,372,101,64659
2024,2,5,371,94,64753
2024,2,5,370,77,64830
2024,2,5,369,109,64939
2024,2,5,368,90,65029
2024,2,5,367,80,65109
2024,2,5,366,78,65187
2024,2,5,365,89,65276
2024,2,5,364,75,65351
2024,2,5,363,73,65424
2024,2,5,362,77,65501
2024,2,5,361,70,65571
2024,2,5,360,75,65646
2024,2,5,359,88,65734
2024,2,5,358,68,65802
2024,2,5,357,62,65864
2024,2,5,356,75,65939
2024,2,5,355,77,66016
2024,2,5,354,61,66077
2024,2,5,353,77,66154
2024,2,5,352,64,66218
2024,2,5,351,69,66287
2024,2,5,350,66,66353
2024,2,5,349,52,66405
2024,2,5,348,74,66479
2024,2,5,347,62,66541
2024,2,5,346,70,66611
2024,2,5,345,61,66672
2024,2,5,344,60,66732
2024,2,5,343,47,66779
2024,2,5,342,47,66826
2024,2,5,341,56,66882
2024,2,5,340,51,66933
2024,2,5,339,46,66979
2024,2,5,338,52,67031
2024,2,5,337,49,67080
2024,2,5,336,43,67123
2024,2,5,335,55,67178
2024,2,5,334,50,67228
2024,2,5,333,50,67278
2024,2,5,332,40,67318
2024,2,5,331,38,67356
2024,2,5,330,46,67402
2024,2,5,329,51,67453
2024,2,5,328,40,67493
2024,2,5,327,43,67536
2024,2,5,326,37,67573
2024,2,5,325,45,67618
2024,2,5,324,51,67669
2024,2,5,323,50,67719
2024,2,5,322,32,67751
2024,2,5,321,31,67782
2024,2,5,320,35,67817
2024,2,5,319,46,67863
2024,2,5,318,44,67907
2024,2,5,317,36,67943
2024,2,5,316,34,67977
2024,2,5,315,38,68015
2024,2,5,314,32,68047
2024,2,5,313,32,68079
2024,2,5,312,41,68120
2024,2,5,311,29,68149
2024,2,5,310,31,68180
2024,2,5,309,30,68210
2024,2,5,308,33,68243
2024,2,5,307,34,68277
2024,2,5,306,29,68306
2024,2,5,305,34,68340
2024,2,5,304,27,68367
2024,2,5,303,53,68420
2024,2,5,302,32,68452
2024,2,5,301,28,68480
2024,2,5,300,34,68514
