year,province_id,subject_category_id,score,count_at_score,cumulative_count
2024,25,2,620,52,52
2024,25,2,619,3,55
2024,25,2,618,4,59
2024,25,2,617,3,62
2024,25,2,616,6,68
2024,25,2,615,2,70
2024,25,2,614,4,74
2024,25,2,613,8,82
2024,25,2,612,5,87
2024,25,2,611,8,95
2024,25,2,610,0,95
2024,25,2,609,3,98
2024,25,2,608,11,109
2024,25,2,607,6,115
2024,25,2,606,5,120
2024,25,2,605,7,127
2024,25,2,604,4,131
2024,25,2,603,10,141
2024,25,2,602,7,148
2024,25,2,601,8,156
2024,25,2,600,3,159
2024,25,2,599,6,165
2024,25,2,598,15,180
2024,25,2,597,6,186
2024,25,2,596,10,196
2024,25,2,595,7,203
2024,25,2,594,8,211
2024,25,2,593,9,220
2024,25,2,592,13,233
2024,25,2,591,9,242
2024,25,2,590,12,254
2024,25,2,589,13,267
2024,25,2,588,7,274
2024,25,2,587,17,291
2024,25,2,586,12,303
2024,25,2,585,15,318
2024,25,2,584,17,335
2024,25,2,583,19,354
2024,25,2,582,15,369
2024,25,2,581,12,381
2024,25,2,580,8,389
2024,25,2,579,13,402
2024,25,2,578,21,423
2024,25,2,577,14,437
2024,25,2,576,12,449
2024,25,2,575,25,474
2024,25,2,574,18,492
2024,25,2,573,12,504
2024,25,2,572,20,524
2024,25,2,571,16,540
2024,25,2,570,20,560
2024,25,2,569,23,583
2024,25,2,568,27,610
2024,25,2,567,16,626
2024,25,2,566,19,645
2024,25,2,565,18,663
2024,25,2,564,23,686
2024,25,2,563,17,703
2024,25,2,562,21,724
2024,25,2,561,12,736
2024,25,2,560,14,750
2024,25,2,559,35,785
2024,25,2,558,22,807
2024,25,2,557,22,829
2024,25,2,556,25,854
2024,25,2,555,26,880
2024,25,2,554,25,905
2024,25,2,553,16,921
2024,25,2,552,29,950
2024,25,2,551,24,974
2024,25,2,550,25,999
2024,25,2,549,24,1023
2024,25,2,548,35,1058
2024,25,2,547,34,1092
2024,25,2,546,36,1128
2024,25,2,545,20,1148
2024,25,2,544,28,1176
2024,25,2,543,40,1216
2024,25,2,542,36,1252
2024,25,2,541,33,1285
2024,25,2,540,33,1318
2024,25,2,539,27,1345
2024,25,2,538,34,1379
2024,25,2,537,40,1419
2024,25,2,536,39,1458
2024,25,2,535,35,1493
2024,25,2,534,30,1523
2024,25,2,533,41,1564
2024,25,2,532,34,1598
2024,25,2,531,32,1630
2024,25,2,530,46,1676
2024,25,2,529,34,1710
2024,25,2,528,42,1752
2024,25,2,527,41,1793
2024,25,2,526,38,1831
2024,25,2,525,36,1867
2024,25,2,524,44,1911
2024,25,2,523,45,1956
2024,25,2,522,53,2009
2024,25,2,521,42,2051
2024,25,2,520,39,2090
2024,25,2,519,54,2144
2024,25,2,518,52,2196
2024,25,2,517,46,2242
2024,25,2,516,67,2309
2024,25,2,515,49,2358
2024,25,2,514,34,2392
2024,25,2,513,50,2442
2024,25,2,512,50,2492
2024,25,2,511,61,2553
2024,25,2,510,59,2612
2024,25,2,509,57,2669
2024,25,2,508,59,2728
2024,25,2,507,64,2792
2024,25,2,506,62,2854
2024,25,2,505,52,2906
2024,25,2,504,67,2973
2024,25,2,503,54,3027
2024,25,2,502,54,3081
2024,25,2,501,57,3138
2024,25,2,500,56,3194
2024,25,2,499,62,3256
2024,25,2,498,51,3307
2024,25,2,497,76,3383
2024,25,2,496,68,3451
2024,25,2,495,53,3504
2024,25,2,494,67,3571
2024,25,2,493,66,3637
2024,25,2,492,82,3719
2024,25,2,491,62,3781
2024,25,2,490,78,3859
2024,25,2,489,81,3940
2024,25,2,488,58,3998
2024,25,2,487,61,4059
2024,25,2,486,88,4147
2024,25,2,485,78,4225
2024,25,2,484,70,4295
2024,25,2,483,65,4360
2024,25,2,482,69,4429
2024,25,2,481,74,4503
2024,25,2,480,90,4593
2024,25,2,479,78,4671
2024,25,2,478,81,4752
2024,25,2,477,69,4821
2024,25,2,476,82,4903
2024,25,2,475,72,4975
2024,25,2,474,70,5045
2024,25,2,473,86,5131
2024,25,2,472,77,5208
2024,25,2,471,67,5275
2024,25,2,470,75,5350
2024,25,2,469,78,5428
2024,25,2,468,94,5522
2024,25,2,467,95,5617
2024,25,2,466,91,5708
2024,25,2,465,78,5786
2024,25,2,464,106,5892
2024,25,2,463,96,5988
2024,25,2,462,95,6083
2024,25,2,461,97,6180
2024,25,2,460,102,6282
2024,25,2,459,96,6378
2024,25,2,458,82,6460
2024,25,2,457,84,6544
2024,25,2,456,96,6640
2024,25,2,455,97,6737
2024,25,2,454,100,6837
2024,25,2,453,98,6935
2024,25,2,452,100,7035
2024,25,2,451,99,7134
2024,25,2,450,88,7222
2024,25,2,449,106,7328
2024,25,2,448,91,7419
2024,25,2,447,93,7512
2024,25,2,446,84,7596
2024,25,2,445,92,7688
2024,25,2,444,97,7785
2024,25,2,443,110,7895
2024,25,2,442,102,7997
2024,25,2,441,102,8099
2024,25,2,440,88,8187
2024,25,2,439,110,8297
2024,25,2,438,90,8387
2024,25,2,437,86,8473
2024,25,2,436,98,8571
2024,25,2,435,90,8661
2024,25,2,434,91,8752
2024,25,2,433,93,8845
2024,25,2,432,97,8942
2024,25,2,431,116,9058
2024,25,2,430,103,9161
2024,25,2,429,105,9266
2024,25,2,428,112,9378
2024,25,2,427,105,9483
2024,25,2,426,115,9598
2024,25,2,425,90,9688
2024,25,2,424,91,9779
2024,25,2,423,99,9878
2024,25,2,422,95,9973
2024,25,2,421,113,10086
2024,25,2,420,111,10197
2024,25,2,419,111,10308
2024,25,2,418,106,10414
2024,25,2,417,111,10525
2024,25,2,416,108,10633
2024,25,2,415,113,10746
2024,25,2,414,99,10845
2024,25,2,413,107,10952
2024,25,2,412,96,11048
2024,25,2,411,113,11161
2024,25,2,410,128,11289
2024,25,2,409,106,11395
2024,25,2,408,94,11489
2024,25,2,407,116,11605
2024,25,2,406,114,11719
2024,25,2,405,106,11825
2024,25,2,404,107,11932
2024,25,2,403,107,12039
2024,25,2,402,132,12171
2024,25,2,401,104,12275
2024,25,2,400,118,12393
2024,25,2,399,103,12496
2024,25,2,398,97,12593
2024,25,2,397,108,12701
2024,25,2,396,117,12818
2024,25,2,395,112,12930
2024,25,2,394,104,13034
2024,25,2,393,108,13142
2024,25,2,392,96,13238
2024,25,2,391,117,13355
2024,25,2,390,109,13464
2024,25,2,389,103,13567
2024,25,2,388,115,13682
2024,25,2,387,112,13794
2024,25,2,386,116,13910
2024,25,2,385,136,14046
2024,25,2,384,105,14151
2024,25,2,383,100,14251
2024,25,2,382,112,14363
2024,25,2,381,117,14480
2024,25,2,380,118,14598
2024,25,2,379,108,14706
2024,25,2,378,96,14802
2024,25,2,377,89,14891
2024,25,2,376,122,15013
2024,25,2,375,101,15114
2024,25,2,374,114,15228
2024,25,2,373,102,15330
2024,25,2,372,121,15451
2024,25,2,371,113,15564
2024,25,2,370,103,15667
2024,25,2,369,129,15796
2024,25,2,368,95,15891
2024,25,2,367,99,15990
2024,25,2,366,88,16078
2024,25,2,365,114,16192
2024,25,2,364,95,16287
2024,25,2,363,109,16396
2024,25,2,362,92,16488
2024,25,2,361,105,16593
2024,25,2,360,93,16686
2024,25,2,359,101,16787
2024,25,2,358,100,16887
2024,25,2,357,109,16996
2024,25,2,356,109,17105
2024,25,2,355,106,17211
2024,25,2,354,81,17292
2024,25,2,353,94,17386
2024,25,2,352,89,17475
2024,25,2,351,101,17576
2024,25,2,350,113,17689
2024,25,2,349,105,17794
2024,25,2,348,97,17891
2024,25,2,347,88,17979
2024,25,2,346,99,18078
2024,25,2,345,85,18163
2024,25,2,344,97,18260
2024,25,2,343,107,18367
2024,25,2,342,104,18471
2024,25,2,341,98,18569
2024,25,2,340,92,18661
2024,25,2,339,91,18752
2024,25,2,338,95,18847
2024,25,2,337,83,18930
2024,25,2,336,92,19022
2024,25,2,335,78,19100
2024,25,2,334,92,19192
2024,25,2,333,86,19278
2024,25,2,332,98,19376
2024,25,2,331,91,19467
2024,25,2,330,104,19571
2024,25,2,329,86,19657
2024,25,2,328,87,19744
2024,25,2,327,77,19821
2024,25,2,326,89,19910
2024,25,2,325,77,19987
2024,25,2,324,93,20080
2024,25,2,323,98,20178
2024,25,2,322,83,20261
2024,25,2,321,88,20349
2024,25,2,320,81,20430
2024,25,2,319,93,20523
2024,25,2,318,64,20587
2024,25,2,317,60,20647
2024,25,2,316,73,20720
2024,25,2,315,68,20788
2024,25,2,314,76,20864
2024,25,2,313,58,20922
2024,25,2,312,67,20989
2024,25,2,311,69,21058
2024,25,2,310,70,21128
2024,25,2,309,78,21206
2024,25,2,308,54,21260
2024,25,2,307,57,21317
2024,25,2,306,69,21386
2024,25,2,305,70,21456
2024,25,2,304,50,21506
2024,25,2,303,57,21563
2024,25,2,302,58,21621
2024,25,2,301,54,21675
2024,25,2,300,60,21735
