year,province_id,subject_category_id,score,count_at_score,cumulative_count
2024,22,2,673,21,21
2024,22,2,672,4,25
2024,22,2,671,2,27
2024,22,2,669,6,33
2024,22,2,668,9,42
2024,22,2,667,10,52
2024,22,2,666,9,61
2024,22,2,665,6,67
2024,22,2,664,6,73
2024,22,2,663,7,80
2024,22,2,662,9,89
2024,22,2,661,13,102
2024,22,2,660,6,108
2024,22,2,659,17,125
2024,22,2,658,18,143
2024,22,2,657,16,159
2024,22,2,656,15,174
2024,22,2,655,11,185
2024,22,2,654,24,209
2024,22,2,653,12,221
2024,22,2,652,21,242
2024,22,2,651,26,268
2024,22,2,650,17,285
2024,22,2,649,18,303
2024,22,2,648,24,327
2024,22,2,647,26,353
2024,22,2,646,35,388
2024,22,2,645,24,412
2024,22,2,644,34,446
2024,22,2,643,37,483
2024,22,2,642,33,516
2024,22,2,641,45,561
2024,22,2,640,43,604
2024,22,2,639,33,637
2024,22,2,638,36,673
2024,22,2,637,40,713
2024,22,2,636,39,752
2024,22,2,635,36,788
2024,22,2,634,40,828
2024,22,2,633,45,873
2024,22,2,632,49,922
2024,22,2,631,72,994
2024,22,2,630,56,1050
2024,22,2,629,38,1088
2024,22,2,628,55,1143
2024,22,2,627,52,1195
2024,22,2,626,64,1259
2024,22,2,625,59,1318
2024,22,2,624,57,1375
2024,22,2,623,76,1451
2024,22,2,622,63,1514
2024,22,2,621,86,1600
2024,22,2,620,84,1684
2024,22,2,619,70,1754
2024,22,2,618,66,1820
2024,22,2,617,72,1892
2024,22,2,616,81,1973
2024,22,2,615,84,2057
2024,22,2,614,78,2135
2024,22,2,613,77,2212
2024,22,2,612,96,2308
2024,22,2,611,84,2392
2024,22,2,610,101,2493
2024,22,2,609,87,2580
2024,22,2,608,113,2693
2024,22,2,607,102,2795
2024,22,2,606,113,2908
2024,22,2,605,104,3012
2024,22,2,604,118,3130
2024,22,2,603,124,3254
2024,22,2,602,106,3360
2024,22,2,601,123,3483
2024,22,2,600,143,3626
2024,22,2,599,130,3756
2024,22,2,598,120,3876
2024,22,2,597,120,3996
2024,22,2,596,123,4119
2024,22,2,595,131,4250
2024,22,2,594,146,4396
2024,22,2,593,122,4518
2024,22,2,592,136,4654
2024,22,2,591,142,4796
2024,22,2,590,143,4939
2024,22,2,589,131,5070
2024,22,2,588,130,5200
2024,22,2,587,131,5331
2024,22,2,586,168,5499
2024,22,2,585,157,5656
2024,22,2,584,148,5804
2024,22,2,583,165,5969
2024,22,2,582,180,6149
2024,22,2,581,182,6331
2024,22,2,580,151,6482
2024,22,2,579,189,6671
2024,22,2,578,174,6845
2024,22,2,577,167,7012
2024,22,2,576,169,7181
2024,22,2,575,164,7345
2024,22,2,574,169,7514
2024,22,2,573,177,7691
2024,22,2,572,175,7866
2024,22,2,571,188,8054
2024,22,2,570,197,8251
2024,22,2,569,202,8453
2024,22,2,568,202,8655
2024,22,2,567,197,8852
2024,22,2,566,190,9042
2024,22,2,565,221,9263
2024,22,2,564,214,9477
2024,22,2,563,215,9692
2024,22,2,562,227,9919
2024,22,2,561,209,10128
2024,22,2,560,248,10376
2024,22,2,559,228,10604
2024,22,2,558,245,10849
2024,22,2,557,222,11071
2024,22,2,556,238,11309
2024,22,2,555,244,11553
2024,22,2,554,269,11822
2024,22,2,553,232,12054
2024,22,2,552,247,12301
2024,22,2,551,264,12565
2024,22,2,550,278,12843
2024,22,2,549,259,13102
2024,22,2,548,255,13357
2024,22,2,547,239,13596
2024,22,2,546,263,13859
2024,22,2,545,303,14162
2024,22,2,544,243,14405
2024,22,2,543,268,14673
2024,22,2,542,284,14957
2024,22,2,541,305,15262
2024,22,2,540,294,15556
2024,22,2,539,298,15854
2024,22,2,538,290,16144
2024,22,2,537,288,16432
2024,22,2,536,267,16699
2024,22,2,535,325,17024
2024,22,2,534,329,17353
2024,22,2,533,296,17649
2024,22,2,532,302,17951
2024,22,2,531,332,18283
2024,22,2,530,340,18623
2024,22,2,529,382,19005
2024,22,2,528,293,19298
2024,22,2,527,323,19621
2024,22,2,526,326,19947
2024,22,2,525,327,20274
2024,22,2,524,357,20631
2024,22,2,523,305,20936
2024,22,2,522,363,21299
2024,22,2,521,374,21673
2024,22,2,520,376,22049
2024,22,2,519,355,22404
2024,22,2,518,383,22787
2024,22,2,517,372,23159
2024,22,2,516,386,23545
2024,22,2,515,384,23929
2024,22,2,514,362,24291
2024,22,2,513,375,24666
2024,22,2,512,369,25035
2024,22,2,511,340,25375
2024,22,2,510,420,25795
2024,22,2,509,379,26174
2024,22,2,508,372,26546
2024,22,2,507,380,26926
2024,22,2,506,387,27313
2024,22,2,505,400,27713
2024,22,2,504,419,28132
2024,22,2,503,369,28501
2024,22,2,502,388,28889
2024,22,2,501,389,29278
2024,22,2,500,372,29650
2024,22,2,499,389,30039
2024,22,2,498,391,30430
2024,22,2,497,364,30794
2024,22,2,496,404,31198
2024,22,2,495,424,31622
2024,22,2,494,395,32017
2024,22,2,493,384,32401
2024,22,2,492,421,32822
2024,22,2,491,391,33213
2024,22,2,490,398,33611
2024,22,2,489,411,34022
2024,22,2,488,396,34418
2024,22,2,487,443,34861
2024,22,2,486,404,35265
2024,22,2,485,438,35703
2024,22,2,484,450,36153
2024,22,2,483,385,36538
2024,22,2,482,466,37004
2024,22,2,481,409,37413
2024,22,2,480,381,37794
2024,22,2,479,467,38261
2024,22,2,478,426,38687
2024,22,2,477,399,39086
2024,22,2,476,400,39486
2024,22,2,475,440,39926
2024,22,2,474,421,40347
2024,22,2,473,428,40775
2024,22,2,472,412,41187
2024,22,2,471,436,41623
2024,22,2,470,474,42097
2024,22,2,469,408,42505
2024,22,2,468,421,42926
2024,22,2,467,429,43355
2024,22,2,466,437,43792
2024,22,2,465,400,44192
2024,22,2,464,437,44629
2024,22,2,463,448,45077
2024,22,2,462,451,45528
2024,22,2,461,438,45966
2024,22,2,460,455,46421
2024,22,2,459,432,46853
2024,22,2,458,470,47323
2024,22,2,457,419,47742
2024,22,2,456,460,48202
2024,22,2,455,448,48650
2024,22,2,454,424,49074
2024,22,2,453,444,49518
2024,22,2,452,415,49933
2024,22,2,451,454,50387
2024,22,2,450,451,50838
2024,22,2,449,461,51299
2024,22,2,448,484,51783
2024,22,2,447,427,52210
2024,22,2,446,502,52712
2024,22,2,445,503,53215
2024,22,2,444,472,53687
2024,22,2,443,467,54154
2024,22,2,442,471,54625
2024,22,2,441,488,55113
2024,22,2,440,477,55590
2024,22,2,439,499,56089
2024,22,2,438,452,56541
2024,22,2,437,457,56998
2024,22,2,436,467,57465
2024,22,2,435,504,57969
2024,22,2,434,458,58427
2024,22,2,433,449,58876
2024,22,2,432,530,59406
2024,22,2,431,479,59885
2024,22,2,430,456,60341
2024,22,2,429,448,60789
2024,22,2,428,460,61249
2024,22,2,427,444,61693
2024,22,2,426,497,62190
2024,22,2,425,512,62702
2024,22,2,424,501,63203
2024,22,2,423,466,63669
2024,22,2,422,525,64194
2024,22,2,421,476,64670
2024,22,2,420,504,65174
2024,22,2,419,477,65651
2024,22,2,418,518,66169
2024,22,2,417,524,66693
2024,22,2,416,484,67177
2024,22,2,415,479,67656
2024,22,2,414,554,68210
2024,22,2,413,500,68710
2024,22,2,412,507,69217
2024,22,2,411,529,69746
2024,22,2,410,468,70214
2024,22,2,409,537,70751
2024,22,2,408,492,71243
2024,22,2,407,521,71764
2024,22,2,406,474,72238
2024,22,2,405,531,72769
2024,22,2,404,498,73267
2024,22,2,403,508,73775
2024,22,2,402,556,74331
2024,22,2,401,540,74871
2024,22,2,400,523,75394
2024,22,2,399,501,75895
2024,22,2,398,533,76428
2024,22,2,397,542,76970
2024,22,2,396,515,77485
2024,22,2,395,500,77985
2024,22,2,394,531,78516
2024,22,2,393,468,78984
2024,22,2,392,510,79494
2024,22,2,391,517,80011
2024,22,2,390,493,80504
2024,22,2,389,506,81010
2024,22,2,388,507,81517
2024,22,2,387,505,82022
2024,22,2,386,475,82497
2024,22,2,385,503,83000
2024,22,2,384,521,83521
2024,22,2,383,484,84005
2024,22,2,382,530,84535
2024,22,2,381,466,85001
2024,22,2,380,465,85466
2024,22,2,379,480,85946
2024,22,2,378,472,86418
2024,22,2,377,488,86906
2024,22,2,376,508,87414
2024,22,2,375,496,87910
2024,22,2,374,485,88395
2024,22,2,373,464,88859
2024,22,2,372,437,89296
2024,22,2,371,489,89785
2024,22,2,370,475,90260
2024,22,2,369,440,90700
2024,22,2,368,468,91168
2024,22,2,367,451,91619
2024,22,2,366,465,92084
2024,22,2,365,457,92541
2024,22,2,364,482,93023
2024,22,2,363,451,93474
2024,22,2,362,453,93927
2024,22,2,361,451,94378
2024,22,2,360,428,94806
2024,22,2,359,475,95281
2024,22,2,358,452,95733
2024,22,2,357,472,96205
2024,22,2,356,411,96616
2024,22,2,355,409,97025
2024,22,2,354,409,97434
2024,22,2,353,418,97852
2024,22,2,352,423,98275
2024,22,2,351,425,98700
2024,22,2,350,435,99135
2024,22,2,349,422,99557
2024,22,2,348,383,99940
2024,22,2,347,447,100387
2024,22,2,346,387,100774
2024,22,2,345,376,101150
2024,22,2,344,394,101544
2024,22,2,343,368,101912
2024,22,2,342,385,102297
2024,22,2,341,376,102673
2024,22,2,340,373,103046
2024,22,2,339,391,103437
2024,22,2,338,402,103839
2024,22,2,337,335,104174
2024,22,2,336,394,104568
2024,22,2,335,324,104892
2024,22,2,334,360,105252
2024,22,2,333,351,105603
2024,22,2,332,375,105978
2024,22,2,331,321,106299
2024,22,2,330,364,106663
2024,22,2,329,344,107007
2024,22,2,328,328,107335
2024,22,2,327,377,107712
2024,22,2,326,306,108018
2024,22,2,325,315,108333
2024,22,2,324,331,108664
2024,22,2,323,329,108993
2024,22,2,322,348,109341
2024,22,2,321,303,109644
2024,22,2,320,349,109993
2024,22,2,319,276,110269
2024,22,2,318,309,110578
2024,22,2,317,297,110875
2024,22,2,316,323,111198
2024,22,2,315,317,111515
2024,22,2,314,307,111822
2024,22,2,313,295,112117
2024,22,2,312,289,112406
2024,22,2,311,267,112673
2024,22,2,310,281,112954
2024,22,2,309,250,113204
2024,22,2,308,272,113476
2024,22,2,307,294,113770
2024,22,2,306,291,114061
2024,22,2,305,285,114346
2024,22,2,304,273,114619
2024,22,2,303,268,114887
2024,22,2,302,273,115160
2024,22,2,301,269,115429
2024,22,2,300,243,115672
2024,22,2,299,285,115957
2024,22,2,298,267,116224
2024,22,2,297,281,116505
2024,22,2,296,271,116776
2024,22,2,295,259,117035
2024,22,2,294,308,117343
2024,22,2,293,268,117611
2024,22,2,292,269,117880
2024,22,2,291,259,118139
2024,22,2,290,254,118393
2024,22,2,289,263,118656
2024,22,2,288,249,118905
2024,22,2,287,252,119157
2024,22,2,286,236,119393
2024,22,2,285,273,119666
2024,22,2,284,252,119918
2024,22,2,283,265,120183
2024,22,2,282,268,120451
2024,22,2,281,224,120675
2024,22,2,280,255,120930
2024,22,2,279,232,121162
2024,22,2,278,267,121429
2024,22,2,277,272,121701
2024,22,2,276,261,121962
2024,22,2,275,217,122179
2024,22,2,274,252,122431
2024,22,2,273,263,122694
2024,22,2,272,261,122955
2024,22,2,271,264,123219
2024,22,2,270,269,123488
2024,22,2,269,254,123742
2024,22,2,268,230,123972
2024,22,2,267,237,124209
2024,22,2,266,248,124457
2024,22,2,265,243,124700
2024,22,2,264,245,124945
2024,22,2,263,248,125193
2024,22,2,262,234,125427
2024,22,2,261,245,125672
2024,22,2,260,238,125910
2024,22,2,259,224,126134
2024,22,2,258,231,126365
2024,22,2,257,216,126581
2024,22,2,256,262,126843
2024,22,2,255,223,127066
2024,22,2,254,250,127316
2024,22,2,253,195,127511
2024,22,2,252,205,127716
2024,22,2,251,240,127956
2024,22,2,250,192,128148
2024,22,2,249,213,128361
2024,22,2,248,217,128578
2024,22,2,247,183,128761
2024,22,2,246,237,128998
2024,22,2,245,223,129221
2024,22,2,244,199,129420
2024,22,2,243,208,129628
2024,22,2,242,189,129817
2024,22,2,241,206,130023
2024,22,2,240,175,130198
2024,22,2,239,182,130380
2024,22,2,238,191,130571
2024,22,2,237,174,130745
2024,22,2,236,188,130933
2024,22,2,235,164,131097
2024,22,2,234,178,131275
2024,22,2,233,162,131437
2024,22,2,232,172,131609
2024,22,2,231,149,131758
2024,22,2,230,156,131914
2024,22,2,229,155,132069
2024,22,2,228,147,132216
2024,22,2,227,154,132370
2024,22,2,226,157,132527
2024,22,2,225,153,132680
2024,22,2,224,123,132803
2024,22,2,223,127,132930
2024,22,2,222,118,133048
2024,22,2,221,119,133167
2024,22,2,220,116,133283
2024,22,2,219,136,133419
2024,22,2,218,112,133531
2024,22,2,217,136,133667
2024,22,2,216,118,133785
2024,22,2,215,119,133904
2024,22,2,214,139,134043
2024,22,2,213,108,134151
2024,22,2,212,84,134235
2024,22,2,211,94,134329
2024,22,2,210,86,134415
2024,22,2,209,84,134499
2024,22,2,208,81,134580
2024,22,2,207,84,134664
2024,22,2,206,89,134753
2024,22,2,205,88,134841
2024,22,2,204,79,134920
2024,22,2,203,85,135005
2024,22,2,202,87,135092
2024,22,2,201,76,135168
2024,22,2,200,69,135237
