year,province_id,subject_category_id,score,count_at_score,cumulative_count
2024,22,1,699,36,36
2024,22,1,698,12,48
2024,22,1,697,10,58
2024,22,1,696,12,70
2024,22,1,695,16,86
2024,22,1,694,12,98
2024,22,1,693,20,118
2024,22,1,692,19,137
2024,22,1,691,20,157
2024,22,1,690,29,186
2024,22,1,689,35,221
2024,22,1,688,31,252
2024,22,1,687,36,288
2024,22,1,686,41,329
2024,22,1,685,39,368
2024,22,1,684,41,409
2024,22,1,683,41,450
2024,22,1,682,46,496
2024,22,1,681,44,540
2024,22,1,680,61,601
2024,22,1,679,49,650
2024,22,1,678,75,725
2024,22,1,677,67,792
2024,22,1,676,82,874
2024,22,1,675,94,968
2024,22,1,674,89,1057
2024,22,1,673,95,1152
2024,22,1,672,97,1249
2024,22,1,671,100,1349
2024,22,1,670,105,1454
2024,22,1,669,110,1564
2024,22,1,668,140,1704
2024,22,1,667,117,1821
2024,22,1,666,120,1941
2024,22,1,665,136,2077
2024,22,1,664,139,2216
2024,22,1,663,155,2371
2024,22,1,662,174,2545
2024,22,1,661,183,2728
2024,22,1,660,196,2924
2024,22,1,659,186,3110
2024,22,1,658,183,3293
2024,22,1,657,174,3467
2024,22,1,656,209,3676
2024,22,1,655,187,3863
2024,22,1,654,220,4083
2024,22,1,653,219,4302
2024,22,1,652,230,4532
2024,22,1,651,218,4750
2024,22,1,650,235,4985
2024,22,1,649,235,5220
2024,22,1,648,250,5470
2024,22,1,647,257,5727
2024,22,1,646,258,5985
2024,22,1,645,286,6271
2024,22,1,644,292,6563
2024,22,1,643,287,6850
2024,22,1,642,295,7145
2024,22,1,641,295,7440
2024,22,1,640,337,7777
2024,22,1,639,305,8082
2024,22,1,638,332,8414
2024,22,1,637,346,8760
2024,22,1,636,346,9106
2024,22,1,635,354,9460
2024,22,1,634,370,9830
2024,22,1,633,352,10182
2024,22,1,632,381,10563
2024,22,1,631,377,10940
2024,22,1,630,375,11315
2024,22,1,629,379,11694
2024,22,1,628,411,12105
2024,22,1,627,398,12503
2024,22,1,626,428,12931
2024,22,1,625,430,13361
2024,22,1,624,440,13801
2024,22,1,623,436,14237
2024,22,1,622,397,14634
2024,22,1,621,378,15012
2024,22,1,620,431,15443
2024,22,1,619,443,15886
2024,22,1,618,415,16301
2024,22,1,617,468,16769
2024,22,1,616,473,17242
2024,22,1,615,440,17682
2024,22,1,614,500,18182
2024,22,1,613,494,18676
2024,22,1,612,520,19196
2024,22,1,611,513,19709
2024,22,1,610,487,20196
2024,22,1,609,553,20749
2024,22,1,608,528,21277
2024,22,1,607,535,21812
2024,22,1,606,575,22387
2024,22,1,605,579,22966
2024,22,1,604,584,23550
2024,22,1,603,613,24163
2024,22,1,602,554,24717
2024,22,1,601,542,25259
2024,22,1,600,559,25818
2024,22,1,599,562,26380
2024,22,1,598,603,26983
2024,22,1,597,594,27577
2024,22,1,596,610,28187
2024,22,1,595,606,28793
2024,22,1,594,607,29400
2024,22,1,593,632,30032
2024,22,1,592,658,30690
2024,22,1,591,669,31359
2024,22,1,590,651,32010
2024,22,1,589,671,32681
2024,22,1,588,668,33349
2024,22,1,587,685,34034
2024,22,1,586,662,34696
2024,22,1,585,679,35375
2024,22,1,584,666,36041
2024,22,1,583,694,36735
2024,22,1,582,685,37420
2024,22,1,581,741,38161
2024,22,1,580,697,38858
2024,22,1,579,758,39616
2024,22,1,578,722,40338
2024,22,1,577,755,41093
2024,22,1,576,708,41801
2024,22,1,575,724,42525
2024,22,1,574,777,43302
2024,22,1,573,798,44100
2024,22,1,572,786,44886
2024,22,1,571,798,45684
2024,22,1,570,851,46535
2024,22,1,569,788,47323
2024,22,1,568,860,48183
2024,22,1,567,882,49065
2024,22,1,566,845,49910
2024,22,1,565,900,50810
2024,22,1,564,834,51644
2024,22,1,563,862,52506
2024,22,1,562,864,53370
2024,22,1,561,944,54314
2024,22,1,560,913,55227
2024,22,1,559,890,56117
2024,22,1,558,903,57020
2024,22,1,557,938,57958
2024,22,1,556,964,58922
2024,22,1,555,931,59853
2024,22,1,554,1037,60890
2024,22,1,553,992,61882
2024,22,1,552,960,62842
2024,22,1,551,984,63826
2024,22,1,550,992,64818
2024,22,1,549,1045,65863
2024,22,1,548,1060,66923
2024,22,1,547,975,67898
2024,22,1,546,1040,68938
2024,22,1,545,1044,69982
2024,22,1,544,1103,71085
2024,22,1,543,1109,72194
2024,22,1,542,1104,73298
2024,22,1,541,1092,74390
2024,22,1,540,1108,75498
2024,22,1,539,1099,76597
2024,22,1,538,1117,77714
2024,22,1,537,1113,78827
2024,22,1,536,1097,79924
2024,22,1,535,1177,81101
2024,22,1,534,1160,82261
2024,22,1,533,1176,83437
2024,22,1,532,1159,84596
2024,22,1,531,1143,85739
2024,22,1,530,1234,86973
2024,22,1,529,1194,88167
2024,22,1,528,1258,89425
2024,22,1,527,1231,90656
2024,22,1,526,1260,91916
2024,22,1,525,1239,93155
2024,22,1,524,1256,94411
2024,22,1,523,1248,95659
2024,22,1,522,1278,96937
2024,22,1,521,1250,98187
2024,22,1,520,1335,99522
2024,22,1,519,1303,100825
2024,22,1,518,1305,102130
2024,22,1,517,1393,103523
2024,22,1,516,1331,104854
2024,22,1,515,1253,106107
2024,22,1,514,1350,107457
2024,22,1,513,1361,108818
2024,22,1,512,1375,110193
2024,22,1,511,1297,111490
2024,22,1,510,1386,112876
2024,22,1,509,1339,114215
2024,22,1,508,1369,115584
2024,22,1,507,1357,116941
2024,22,1,506,1343,118284
2024,22,1,505,1457,119741
2024,22,1,504,1383,121124
2024,22,1,503,1428,122552
2024,22,1,502,1409,123961
2024,22,1,501,1356,125317
2024,22,1,500,1417,126734
2024,22,1,499,1464,128198
2024,22,1,498,1412,129610
2024,22,1,497,1412,131022
2024,22,1,496,1447,132469
2024,22,1,495,1456,133925
2024,22,1,494,1417,135342
2024,22,1,493,1428,136770
2024,22,1,492,1428,138198
2024,22,1,491,1367,139565
2024,22,1,490,1485,141050
2024,22,1,489,1440,142490
2024,22,1,488,1443,143933
2024,22,1,487,1397,145330
2024,22,1,486,1459,146789
2024,22,1,485,1393,148182
2024,22,1,484,1431,149613
2024,22,1,483,1387,151000
2024,22,1,482,1465,152465
2024,22,1,481,1479,153944
2024,22,1,480,1366,155310
2024,22,1,479,1439,156749
2024,22,1,478,1400,158149
2024,22,1,477,1468,159617
2024,22,1,476,1351,160968
2024,22,1,475,1410,162378
2024,22,1,474,1415,163793
2024,22,1,473,1391,165184
2024,22,1,472,1413,166597
2024,22,1,471,1336,167933
2024,22,1,470,1434,169367
2024,22,1,469,1355,170722
2024,22,1,468,1305,172027
2024,22,1,467,1394,173421
2024,22,1,466,1363,174784
2024,22,1,465,1373,176157
2024,22,1,464,1249,177406
2024,22,1,463,1305,178711
2024,22,1,462,1319,180030
2024,22,1,461,1297,181327
2024,22,1,460,1312,182639
2024,22,1,459,1306,183945
2024,22,1,458,1306,185251
2024,22,1,457,1220,186471
2024,22,1,456,1283,187754
2024,22,1,455,1221,188975
2024,22,1,454,1232,190207
2024,22,1,453,1266,191473
2024,22,1,452,1211,192684
2024,22,1,451,1179,193863
2024,22,1,450,1194,195057
2024,22,1,449,1189,196246
2024,22,1,448,1188,197434
2024,22,1,447,1194,198628
2024,22,1,446,1202,199830
2024,22,1,445,1195,201025
2024,22,1,444,1174,202199
2024,22,1,443,1181,203380
2024,22,1,442,1122,204502
2024,22,1,441,1173,205675
2024,22,1,440,1242,206917
2024,22,1,439,1131,208048
2024,22,1,438,1132,209180
2024,22,1,437,1158,210338
2024,22,1,436,1098,211436
2024,22,1,435,1180,212616
2024,22,1,434,1097,213713
2024,22,1,433,1060,214773
2024,22,1,432,1118,215891
2024,22,1,431,1106,216997
2024,22,1,430,1075,218072
2024,22,1,429,1022,219094
2024,22,1,428,1035,220129
2024,22,1,427,1046,221175
2024,22,1,426,1035,222210
2024,22,1,425,965,223175
2024,22,1,424,1023,224198
2024,22,1,423,1043,225241
2024,22,1,422,982,226223
2024,22,1,421,1038,227261
2024,22,1,420,1000,228261
2024,22,1,419,964,229225
2024,22,1,418,989,230214
2024,22,1,417,1043,231257
2024,22,1,416,959,232216
2024,22,1,415,934,233150
2024,22,1,414,952,234102
2024,22,1,413,895,234997
2024,22,1,412,954,235951
2024,22,1,411,922,236873
2024,22,1,410,858,237731
2024,22,1,409,901,238632
2024,22,1,408,895,239527
2024,22,1,407,881,240408
2024,22,1,406,901,241309
2024,22,1,405,878,242187
2024,22,1,404,852,243039
2024,22,1,403,893,243932
2024,22,1,402,815,244747
2024,22,1,401,836,245583
2024,22,1,400,892,246475
2024,22,1,399,831,247306
2024,22,1,398,801,248107
2024,22,1,397,781,248888
2024,22,1,396,773,249661
2024,22,1,395,788,250449
2024,22,1,394,784,251233
2024,22,1,393,760,251993
2024,22,1,392,714,252707
2024,22,1,391,744,253451
2024,22,1,390,758,254209
2024,22,1,389,751,254960
2024,22,1,388,729,255689
2024,22,1,387,723,256412
2024,22,1,386,776,257188
2024,22,1,385,729,257917
2024,22,1,384,710,258627
2024,22,1,383,719,259346
2024,22,1,382,673,260019
2024,22,1,381,778,260797
2024,22,1,380,710,261507
2024,22,1,379,690,262197
2024,22,1,378,700,262897
2024,22,1,377,697,263594
2024,22,1,376,651,264245
2024,22,1,375,666,264911
2024,22,1,374,637,265548
2024,22,1,373,679,266227
2024,22,1,372,699,266926
2024,22,1,371,621,267547
2024,22,1,370,626,268173
2024,22,1,369,612,268785
2024,22,1,368,612,269397
2024,22,1,367,598,269995
2024,22,1,366,576,270571
2024,22,1,365,611,271182
2024,22,1,364,591,271773
2024,22,1,363,561,272334
2024,22,1,362,586,272920
2024,22,1,361,558,273478
2024,22,1,360,590,274068
2024,22,1,359,569,274637
2024,22,1,358,565,275202
2024,22,1,357,544,275746
2024,22,1,356,558,276304
2024,22,1,355,512,276816
2024,22,1,354,534,277350
2024,22,1,353,480,277830
2024,22,1,352,562,278392
2024,22,1,351,470,278862
2024,22,1,350,531,279393
2024,22,1,349,458,279851
2024,22,1,348,507,280358
2024,22,1,347,486,280844
2024,22,1,346,487,281331
2024,22,1,345,507,281838
2024,22,1,344,443,282281
2024,22,1,343,497,282778
2024,22,1,342,459,283237
2024,22,1,341,448,283685
2024,22,1,340,475,284160
2024,22,1,339,455,284615
2024,22,1,338,396,285011
2024,22,1,337,436,285447
2024,22,1,336,450,285897
2024,22,1,335,435,286332
2024,22,1,334,433,286765
2024,22,1,333,408,287173
2024,22,1,332,384,287557
2024,22,1,331,399,287956
2024,22,1,330,427,288383
2024,22,1,329,386,288769
2024,22,1,328,410,289179
2024,22,1,327,346,289525
2024,22,1,326,410,289935
2024,22,1,325,407,290342
2024,22,1,324,405,290747
2024,22,1,323,365,291112
2024,22,1,322,339,291451
2024,22,1,321,348,291799
2024,22,1,320,363,292162
2024,22,1,319,372,292534
2024,22,1,318,352,292886
2024,22,1,317,340,293226
2024,22,1,316,326,293552
2024,22,1,315,359,293911
2024,22,1,314,320,294231
2024,22,1,313,344,294575
2024,22,1,312,337,294912
2024,22,1,311,305,295217
2024,22,1,310,332,295549
2024,22,1,309,291,295840
2024,22,1,308,299,296139
2024,22,1,307,315,296454
2024,22,1,306,340,296794
2024,22,1,305,275,297069
2024,22,1,304,305,297374
2024,22,1,303,277,297651
2024,22,1,302,301,297952
2024,22,1,301,285,298237
2024,22,1,300,276,298513
2024,22,1,299,280,298793
2024,22,1,298,257,299050
2024,22,1,297,290,299340
2024,22,1,296,261,299601
2024,22,1,295,300,299901
2024,22,1,294,245,300146
2024,22,1,293,242,300388
2024,22,1,292,234,300622
2024,22,1,291,291,300913
2024,22,1,290,281,301194
2024,22,1,289,269,301463
2024,22,1,288,264,301727
2024,22,1,287,226,301953
2024,22,1,286,240,302193
2024,22,1,285,238,302431
2024,22,1,284,270,302701
2024,22,1,283,217,302918
2024,22,1,282,225,303143
2024,22,1,281,243,303386
2024,22,1,280,217,303603
2024,22,1,279,182,303785
2024,22,1,278,214,303999
2024,22,1,277,221,304220
2024,22,1,276,209,304429
2024,22,1,275,206,304635
2024,22,1,274,212,304847
2024,22,1,273,182,305029
2024,22,1,272,201,305230
2024,22,1,271,181,305411
2024,22,1,270,176,305587
2024,22,1,269,162,305749
2024,22,1,268,176,305925
2024,22,1,267,183,306108
2024,22,1,266,197,306305
2024,22,1,265,184,306489
2024,22,1,264,196,306685
2024,22,1,263,160,306845
2024,22,1,262,153,306998
2024,22,1,261,163,307161
2024,22,1,260,175,307336
2024,22,1,259,166,307502
2024,22,1,258,181,307683
2024,22,1,257,146,307829
2024,22,1,256,156,307985
2024,22,1,255,169,308154
2024,22,1,254,166,308320
2024,22,1,253,184,308504
2024,22,1,252,157,308661
2024,22,1,251,153,308814
2024,22,1,250,152,308966
2024,22,1,249,148,309114
2024,22,1,248,156,309270
2024,22,1,247,122,309392
2024,22,1,246,163,309555
2024,22,1,245,136,309691
2024,22,1,244,105,309796
2024,22,1,243,129,309925
2024,22,1,242,123,310048
2024,22,1,241,122,310170
2024,22,1,240,136,310306
2024,22,1,239,125,310431
2024,22,1,238,117,310548
2024,22,1,237,123,310671
2024,22,1,236,123,310794
2024,22,1,235,118,310912
2024,22,1,234,104,311016
2024,22,1,233,104,311120
2024,22,1,232,118,311238
2024,22,1,231,101,311339
2024,22,1,230,96,311435
2024,22,1,229,94,311529
2024,22,1,228,84,311613
2024,22,1,227,89,311702
2024,22,1,226,101,311803
2024,22,1,225,108,311911
2024,22,1,224,95,312006
2024,22,1,223,81,312087
2024,22,1,222,70,312157
2024,22,1,221,78,312235
2024,22,1,220,94,312329
2024,22,1,219,64,312393
2024,22,1,218,88,312481
2024,22,1,217,90,312571
2024,22,1,216,69,312640
2024,22,1,215,56,312696
2024,22,1,214,56,312752
2024,22,1,213,58,312810
2024,22,1,212,60,312870
2024,22,1,211,52,312922
2024,22,1,210,48,312970
2024,22,1,209,58,313028
2024,22,1,208,33,313061
2024,22,1,207,56,313117
2024,22,1,206,51,313168
2024,22,1,205,52,313220
2024,22,1,204,48,313268
2024,22,1,203,34,313302
2024,22,1,202,34,313336
2024,22,1,201,41,313377
2024,22,1,200,35,313412
