year,province_id,subject_category_id,score,count_at_score,cumulative_count
2024,12,1,696,5,50
2024,12,1,695,11,61
2024,12,1,694,18,79
2024,12,1,693,25,104
2024,12,1,692,10,114
2024,12,1,691,19,133
2024,12,1,690,19,152
2024,12,1,689,14,166
2024,12,1,688,16,182
2024,12,1,687,27,209
2024,12,1,686,19,228
2024,12,1,685,25,253
2024,12,1,684,19,272
2024,12,1,683,24,296
2024,12,1,682,28,324
2024,12,1,681,38,362
2024,12,1,680,36,398
2024,12,1,679,40,438
2024,12,1,678,44,482
2024,12,1,677,41,523
2024,12,1,676,48,571
2024,12,1,675,49,620
2024,12,1,674,62,682
2024,12,1,673,62,744
2024,12,1,672,74,818
2024,12,1,671,54,872
2024,12,1,670,72,944
2024,12,1,669,84,1028
2024,12,1,668,70,1098
2024,12,1,667,74,1172
2024,12,1,666,70,1242
2024,12,1,665,88,1330
2024,12,1,664,97,1427
2024,12,1,663,107,1534
2024,12,1,662,115,1649
2024,12,1,661,103,1752
2024,12,1,660,131,1883
2024,12,1,659,114,1997
2024,12,1,658,136,2133
2024,12,1,657,157,2290
2024,12,1,656,150,2440
2024,12,1,655,138,2578
2024,12,1,654,155,2733
2024,12,1,653,147,2880
2024,12,1,652,164,3044
2024,12,1,651,177,3221
2024,12,1,650,165,3386
2024,12,1,649,179,3565
2024,12,1,648,161,3726
2024,12,1,647,191,3917
2024,12,1,646,201,4118
2024,12,1,645,195,4313
2024,12,1,644,201,4514
2024,12,1,643,231,4745
2024,12,1,642,212,4957
2024,12,1,641,241,5198
2024,12,1,640,231,5429
2024,12,1,639,265,5694
2024,12,1,638,273,5967
2024,12,1,637,254,6221
2024,12,1,636,255,6476
2024,12,1,635,293,6769
2024,12,1,634,294,7063
2024,12,1,633,278,7341
2024,12,1,632,290,7631
2024,12,1,631,294,7925
2024,12,1,630,332,8257
2024,12,1,629,316,8573
2024,12,1,628,287,8860
2024,12,1,627,347,9207
2024,12,1,626,365,9572
2024,12,1,625,364,9936
2024,12,1,624,359,10295
2024,12,1,623,391,10686
2024,12,1,622,387,11073
2024,12,1,621,396,11469
2024,12,1,620,406,11875
2024,12,1,619,440,12315
2024,12,1,618,437,12752
2024,12,1,617,430,13182
2024,12,1,616,421,13603
2024,12,1,615,492,14095
2024,12,1,614,474,14569
2024,12,1,613,431,15000
2024,12,1,612,500,15500
2024,12,1,611,513,16013
2024,12,1,610,502,16515
2024,12,1,609,540,17055
2024,12,1,608,550,17605
2024,12,1,607,553,18158
2024,12,1,606,555,18713
2024,12,1,605,576,19289
2024,12,1,604,656,19945
2024,12,1,603,623,20568
2024,12,1,602,631,21199
2024,12,1,601,659,21858
2024,12,1,600,690,22548
2024,12,1,599,653,23201
2024,12,1,598,688,23889
2024,12,1,597,706,24595
2024,12,1,596,705,25300
2024,12,1,595,745,26045
2024,12,1,594,733,26778
2024,12,1,593,749,27527
2024,12,1,592,812,28339
2024,12,1,591,810,29149
2024,12,1,590,782,29931
2024,12,1,589,793,30724
2024,12,1,588,791,31515
2024,12,1,587,867,32382
2024,12,1,586,845,33227
2024,12,1,585,889,34116
2024,12,1,584,883,34999
2024,12,1,583,899,35898
2024,12,1,582,967,36865
2024,12,1,581,951,37816
2024,12,1,580,979,38795
2024,12,1,579,960,39755
2024,12,1,578,972,40727
2024,12,1,577,1030,41757
2024,12,1,576,1055,42812
2024,12,1,575,1070,43882
2024,12,1,574,1054,44936
2024,12,1,573,1145,46081
2024,12,1,572,1083,47164
2024,12,1,571,1145,48309
2024,12,1,570,1101,49410
2024,12,1,569,1109,50519
2024,12,1,568,1126,51645
2024,12,1,567,1271,52916
2024,12,1,566,1231,54147
2024,12,1,565,1235,55382
2024,12,1,564,1285,56667
2024,12,1,563,1288,57955
2024,12,1,562,1229,59184
2024,12,1,561,1316,60500
2024,12,1,560,1368,61868
2024,12,1,559,1366,63234
2024,12,1,558,1322,64556
2024,12,1,557,1386,65942
2024,12,1,556,1461,67403
2024,12,1,555,1458,68861
2024,12,1,554,1465,70326
2024,12,1,553,1529,71855
2024,12,1,552,1560,73415
2024,12,1,551,1482,74897
2024,12,1,550,1638,76535
2024,12,1,549,1574,78109
2024,12,1,548,1649,79758
2024,12,1,547,1667,81425
2024,12,1,546,1668,83093
2024,12,1,545,1688,84781
2024,12,1,544,1652,86433
2024,12,1,543,1695,88128
2024,12,1,542,1744,89872
2024,12,1,541,1755,91627
2024,12,1,540,1747,93374
2024,12,1,539,1788,95162
2024,12,1,538,1827,96989
2024,12,1,537,1868,98857
2024,12,1,536,1865,100722
2024,12,1,535,1879,102601
2024,12,1,534,1920,104521
2024,12,1,533,1903,106424
2024,12,1,532,1962,108386
2024,12,1,531,1891,110277
2024,12,1,530,2029,112306
2024,12,1,529,2036,114342
2024,12,1,528,2097,116439
2024,12,1,527,2049,118488
2024,12,1,526,2075,120563
2024,12,1,525,2103,122666
2024,12,1,524,2191,124857
2024,12,1,523,2083,126940
2024,12,1,522,2098,129038
2024,12,1,521,2193,131231
2024,12,1,520,2138,133369
2024,12,1,519,2182,135551
2024,12,1,518,2241,137792
2024,12,1,517,2249,140041
2024,12,1,516,2302,142343
2024,12,1,515,2333,144676
2024,12,1,514,2294,146970
2024,12,1,513,2330,149300
2024,12,1,512,2237,151537
2024,12,1,511,2292,153829
2024,12,1,510,2310,156139
2024,12,1,509,2345,158484
2024,12,1,508,2387,160871
2024,12,1,507,2397,163268
2024,12,1,506,2390,165658
2024,12,1,505,2424,168082
2024,12,1,504,2411,170493
2024,12,1,503,2426,172919
2024,12,1,502,2408,175327
2024,12,1,501,2427,177754
2024,12,1,500,2478,180232
2024,12,1,499,2472,182704
2024,12,1,498,2373,185077
2024,12,1,497,2554,187631
2024,12,1,496,2492,190123
2024,12,1,495,2473,192596
2024,12,1,494,2526,195122
2024,12,1,493,2636,197758
2024,12,1,492,2557,200315
2024,12,1,491,2567,202882
2024,12,1,490,2505,205387
2024,12,1,489,2499,207886
2024,12,1,488,2569,210455
2024,12,1,487,2466,212921
2024,12,1,486,2554,215475
2024,12,1,485,2512,217987
2024,12,1,484,2545,220532
2024,12,1,483,2541,223073
2024,12,1,482,2535,225608
2024,12,1,481,2522,228130
2024,12,1,480,2558,230688
2024,12,1,479,2519,233207
2024,12,1,478,2611,235818
2024,12,1,477,2575,238393
2024,12,1,476,2449,240842
2024,12,1,475,2496,243338
2024,12,1,474,2520,245858
2024,12,1,473,2559,248417
2024,12,1,472,2527,250944
2024,12,1,471,2335,253279
2024,12,1,470,2502,255781
2024,12,1,469,2442,258223
2024,12,1,468,2500,260723
2024,12,1,467,2567,263290
2024,12,1,466,2465,265755
2024,12,1,465,2504,268259
2024,12,1,464,2510,270769
2024,12,1,463,2494,273263
2024,12,1,462,2444,275707
2024,12,1,461,2428,278135
2024,12,1,460,2454,280589
2024,12,1,459,2464,283053
2024,12,1,458,2433,285486
2024,12,1,457,2530,288016
2024,12,1,456,2383,290399
2024,12,1,455,2335,292734
2024,12,1,454,2402,295136
2024,12,1,453,2410,297546
2024,12,1,452,2404,299950
2024,12,1,451,2349,302299
2024,12,1,450,2391,304690
2024,12,1,449,2361,307051
2024,12,1,448,2445,309496
2024,12,1,447,2366,311862
2024,12,1,446,2365,314227
2024,12,1,445,2370,316597
2024,12,1,444,2338,318935
2024,12,1,443,2414,321349
2024,12,1,442,2308,323657
2024,12,1,441,2271,325928
2024,12,1,440,2201,328129
2024,12,1,439,2314,330443
2024,12,1,438,2363,332806
2024,12,1,437,2322,335128
2024,12,1,436,2276,337404
2024,12,1,435,2212,339616
2024,12,1,434,2263,341879
2024,12,1,433,2120,343999
2024,12,1,432,2173,346172
2024,12,1,431,2230,348402
2024,12,1,430,2365,350767
2024,12,1,429,2228,352995
2024,12,1,428,2237,355232
2024,12,1,427,2163,357395
2024,12,1,426,2143,359538
2024,12,1,425,2218,361756
2024,12,1,424,2193,363949
2024,12,1,423,2205,366154
2024,12,1,422,2149,368303
2024,12,1,421,2173,370476
2024,12,1,420,2154,372630
2024,12,1,419,2140,374770
2024,12,1,418,2155,376925
2024,12,1,417,2172,379097
2024,12,1,416,2131,381228
2024,12,1,415,2180,383408
2024,12,1,414,2107,385515
2024,12,1,413,2111,387626
2024,12,1,412,2123,389749
2024,12,1,411,2046,391795
2024,12,1,410,2122,393917
2024,12,1,409,2059,395976
2024,12,1,408,2136,398112
2024,12,1,407,2024,400136
2024,12,1,406,2054,402190
2024,12,1,405,2027,404217
2024,12,1,404,2021,406238
2024,12,1,403,2056,408294
2024,12,1,402,2018,410312
2024,12,1,401,1966,412278
2024,12,1,400,2136,414414
2024,12,1,399,2003,416417
2024,12,1,398,2000,418417
2024,12,1,397,2051,420468
2024,12,1,396,2126,422594
2024,12,1,395,2054,424648
2024,12,1,394,2006,426654
2024,12,1,393,1983,428637
2024,12,1,392,1963,430600
2024,12,1,391,2041,432641
2024,12,1,390,1944,434585
2024,12,1,389,1992,436577
2024,12,1,388,1977,438554
2024,12,1,387,2012,440566
2024,12,1,386,2038,442604
2024,12,1,385,1985,444589
2024,12,1,384,1974,446563
2024,12,1,383,1981,448544
2024,12,1,382,1966,450510
2024,12,1,381,1938,452448
2024,12,1,380,1984,454432
2024,12,1,379,1867,456299
2024,12,1,378,1939,458238
2024,12,1,377,1907,460145
2024,12,1,376,1955,462100
2024,12,1,375,1967,464067
2024,12,1,374,1993,466060
2024,12,1,373,1886,467946
2024,12,1,372,1922,469868
2024,12,1,371,1920,471788
2024,12,1,370,1972,473760
2024,12,1,369,1933,475693
2024,12,1,368,1861,477554
2024,12,1,367,1868,479422
2024,12,1,366,1929,481351
2024,12,1,365,1963,483314
2024,12,1,364,1876,485190
2024,12,1,363,1980,487170
2024,12,1,362,1911,489081
2024,12,1,361,1908,490989
2024,12,1,360,1918,492907
2024,12,1,359,1825,494732
2024,12,1,358,1815,496547
2024,12,1,357,1752,498299
2024,12,1,356,1836,500135
2024,12,1,355,1809,501944
2024,12,1,354,1820,503764
2024,12,1,353,1870,505634
2024,12,1,352,1869,507503
2024,12,1,351,1834,509337
2024,12,1,350,1835,511172
2024,12,1,349,1870,513042
2024,12,1,348,1815,514857
2024,12,1,347,1794,516651
2024,12,1,346,1811,518462
2024,12,1,345,1739,520201
2024,12,1,344,1720,521921
2024,12,1,343,1740,523661
2024,12,1,342,1718,525379
2024,12,1,341,1775,527154
2024,12,1,340,1703,528857
2024,12,1,339,1627,530484
2024,12,1,338,1724,532208
2024,12,1,337,1754,533962
2024,12,1,336,1749,535711
2024,12,1,335,1720,537431
2024,12,1,334,1734,539165
2024,12,1,333,1672,540837
2024,12,1,332,1639,542476
2024,12,1,331,1700,544176
2024,12,1,330,1618,545794
2024,12,1,329,1699,547493
2024,12,1,328,1674,549167
2024,12,1,327,1606,550773
2024,12,1,326,1646,552419
2024,12,1,325,1615,554034
2024,12,1,324,1551,555585
2024,12,1,323,1631,557216
2024,12,1,322,1571,558787
2024,12,1,321,1564,560351
2024,12,1,320,1564,561915
2024,12,1,319,1529,563444
2024,12,1,318,1558,565002
2024,12,1,317,1570,566572
2024,12,1,316,1473,568045
2024,12,1,315,1497,569542
2024,12,1,314,1511,571053
2024,12,1,313,1446,572499
2024,12,1,312,1462,573961
2024,12,1,311,1510,575471
2024,12,1,310,1417,576888
2024,12,1,309,1381,578269
2024,12,1,308,1368,579637
2024,12,1,307,1378,581015
2024,12,1,306,1435,582450
2024,12,1,305,1423,583873
2024,12,1,304,1349,585222
2024,12,1,303,1404,586626
2024,12,1,302,1336,587962
2024,12,1,301,1274,589236
2024,12,1,300,1308,590544
