year,province_id,subject_category_id,score,count_at_score,cumulative_count
2024,12,2,668,5,31
2024,12,2,667,3,34
2024,12,2,666,4,38
2024,12,2,665,5,43
2024,12,2,664,7,50
2024,12,2,663,1,51
2024,12,2,662,7,58
2024,12,2,661,6,64
2024,12,2,660,12,76
2024,12,2,659,10,86
2024,12,2,658,14,100
2024,12,2,657,12,112
2024,12,2,656,16,128
2024,12,2,655,19,147
2024,12,2,654,20,167
2024,12,2,653,18,185
2024,12,2,652,14,199
2024,12,2,651,17,216
2024,12,2,650,21,237
2024,12,2,649,17,254
2024,12,2,648,16,270
2024,12,2,647,21,291
2024,12,2,646,21,312
2024,12,2,645,38,350
2024,12,2,644,28,378
2024,12,2,643,23,401
2024,12,2,642,20,421
2024,12,2,641,36,457
2024,12,2,640,31,488
2024,12,2,639,38,526
2024,12,2,638,28,554
2024,12,2,637,39,593
2024,12,2,636,49,642
2024,12,2,635,60,702
2024,12,2,634,48,750
2024,12,2,633,39,789
2024,12,2,632,50,839
2024,12,2,631,48,887
2024,12,2,630,55,942
2024,12,2,629,45,987
2024,12,2,628,58,1045
2024,12,2,627,62,1107
2024,12,2,626,61,1168
2024,12,2,625,62,1230
2024,12,2,624,83,1313
2024,12,2,623,72,1385
2024,12,2,622,74,1459
2024,12,2,621,72,1531
2024,12,2,620,85,1616
2024,12,2,619,85,1701
2024,12,2,618,95,1796
2024,12,2,617,89,1885
2024,12,2,616,95,1980
2024,12,2,615,112,2092
2024,12,2,614,107,2199
2024,12,2,613,111,2310
2024,12,2,612,124,2434
2024,12,2,611,122,2556
2024,12,2,610,108,2664
2024,12,2,609,130,2794
2024,12,2,608,123,2917
2024,12,2,607,137,3054
2024,12,2,606,130,3184
2024,12,2,605,151,3335
2024,12,2,604,166,3501
2024,12,2,603,141,3642
2024,12,2,602,147,3789
2024,12,2,601,171,3960
2024,12,2,600,194,4154
2024,12,2,599,190,4344
2024,12,2,598,160,4504
2024,12,2,597,196,4700
2024,12,2,596,197,4897
2024,12,2,595,189,5086
2024,12,2,594,195,5281
2024,12,2,593,203,5484
2024,12,2,592,203,5687
2024,12,2,591,231,5918
2024,12,2,590,227,6145
2024,12,2,589,218,6363
2024,12,2,588,193,6556
2024,12,2,587,255,6811
2024,12,2,586,234,7045
2024,12,2,585,258,7303
2024,12,2,584,276,7579
2024,12,2,583,273,7852
2024,12,2,582,270,8122
2024,12,2,581,298,8420
2024,12,2,580,280,8700
2024,12,2,579,287,8987
2024,12,2,578,290,9277
2024,12,2,577,310,9587
2024,12,2,576,343,9930
2024,12,2,575,339,10269
2024,12,2,574,353,10622
2024,12,2,573,364,10986
2024,12,2,572,316,11302
2024,12,2,571,349,11651
2024,12,2,570,373,12024
2024,12,2,569,373,12397
2024,12,2,568,370,12767
2024,12,2,567,425,13192
2024,12,2,566,427,13619
2024,12,2,565,413,14032
2024,12,2,564,399,14431
2024,12,2,563,436,14867
2024,12,2,562,446,15313
2024,12,2,561,420,15733
2024,12,2,560,440,16173
2024,12,2,559,485,16658
2024,12,2,558,435,17093
2024,12,2,557,461,17554
2024,12,2,556,492,18046
2024,12,2,555,524,18570
2024,12,2,554,526,19096
2024,12,2,553,532,19628
2024,12,2,552,551,20179
2024,12,2,551,504,20683
2024,12,2,550,606,21289
2024,12,2,549,547,21836
2024,12,2,548,607,22443
2024,12,2,547,613,23056
2024,12,2,546,621,23677
2024,12,2,545,632,24309
2024,12,2,544,603,24912
2024,12,2,543,623,25535
2024,12,2,542,584,26119
2024,12,2,541,630,26749
2024,12,2,540,627,27376
2024,12,2,539,658,28034
2024,12,2,538,631,28665
2024,12,2,537,727,29392
2024,12,2,536,685,30077
2024,12,2,535,696,30773
2024,12,2,534,743,31516
2024,12,2,533,726,32242
2024,12,2,532,764,33006
2024,12,2,531,730,33736
2024,12,2,530,786,34522
2024,12,2,529,774,35296
2024,12,2,528,811,36107
2024,12,2,527,766,36873
2024,12,2,526,812,37685
2024,12,2,525,832,38517
2024,12,2,524,827,39344
2024,12,2,523,846,40190
2024,12,2,522,797,40987
2024,12,2,521,842,41829
2024,12,2,520,833,42662
2024,12,2,519,835,43497
2024,12,2,518,854,44351
2024,12,2,517,865,45216
2024,12,2,516,887,46103
2024,12,2,515,856,46959
2024,12,2,514,922,47881
2024,12,2,513,894,48775
2024,12,2,512,886,49661
2024,12,2,511,870,50531
2024,12,2,510,936,51467
2024,12,2,509,937,52404
2024,12,2,508,942,53346
2024,12,2,507,936,54282
2024,12,2,506,964,55246
2024,12,2,505,981,56227
2024,12,2,504,1015,57242
2024,12,2,503,944,58186
2024,12,2,502,962,59148
2024,12,2,501,1031,60179
2024,12,2,500,1026,61205
2024,12,2,499,1024,62229
2024,12,2,498,1002,63231
2024,12,2,497,1008,64239
2024,12,2,496,1020,65259
2024,12,2,495,987,66246
2024,12,2,494,1072,67318
2024,12,2,493,1084,68402
2024,12,2,492,1062,69464
2024,12,2,491,1066,70530
2024,12,2,490,1060,71590
2024,12,2,489,1039,72629
2024,12,2,488,1087,73716
2024,12,2,487,1044,74760
2024,12,2,486,1069,75829
2024,12,2,485,1056,76885
2024,12,2,484,1061,77946
2024,12,2,483,1045,78991
2024,12,2,482,1063,80054
2024,12,2,481,1063,81117
2024,12,2,480,1088,82205
2024,12,2,479,1114,83319
2024,12,2,478,1134,84453
2024,12,2,477,1122,85575
2024,12,2,476,1089,86664
2024,12,2,475,1112,87776
2024,12,2,474,1118,88894
2024,12,2,473,1097,89991
2024,12,2,472,1094,91085
2024,12,2,471,1050,92135
2024,12,2,470,1098,93233
2024,12,2,469,1118,94351
2024,12,2,468,1125,95476
2024,12,2,467,1156,96632
2024,12,2,466,1111,97743
2024,12,2,465,1168,98911
2024,12,2,464,1129,100040
2024,12,2,463,1139,101179
2024,12,2,462,1147,102326
2024,12,2,461,1118,103444
2024,12,2,460,1104,104548
2024,12,2,459,1078,105626
2024,12,2,458,1136,106762
2024,12,2,457,1176,107938
2024,12,2,456,1139,109077
2024,12,2,455,1090,110167
2024,12,2,454,1127,111294
2024,12,2,453,1103,112397
2024,12,2,452,1133,113530
2024,12,2,451,1113,114643
2024,12,2,450,1183,115826
2024,12,2,449,1139,116965
2024,12,2,448,1215,118180
2024,12,2,447,1170,119350
2024,12,2,446,1134,120484
2024,12,2,445,1126,121610
2024,12,2,444,1154,122764
2024,12,2,443,1204,123968
2024,12,2,442,1100,125068
2024,12,2,441,1116,126184
2024,12,2,440,1086,127270
2024,12,2,439,1185,128455
2024,12,2,438,1205,129660
2024,12,2,437,1171,130831
2024,12,2,436,1148,131979
2024,12,2,435,1112,133091
2024,12,2,434,1137,134228
2024,12,2,433,1059,135287
2024,12,2,432,1136,136423
2024,12,2,431,1140,137563
2024,12,2,430,1247,138810
2024,12,2,429,1158,139968
2024,12,2,428,1184,141152
2024,12,2,427,1149,142301
2024,12,2,426,1112,143413
2024,12,2,425,1156,144569
2024,12,2,424,1166,145735
2024,12,2,423,1160,146895
2024,12,2,422,1173,148068
2024,12,2,421,1129,149197
2024,12,2,420,1182,150379
2024,12,2,419,1142,151521
2024,12,2,418,1200,152721
2024,12,2,417,1215,153936
2024,12,2,416,1168,155104
2024,12,2,415,1221,156325
2024,12,2,414,1168,157493
2024,12,2,413,1141,158634
2024,12,2,412,1176,159810
2024,12,2,411,1177,160987
2024,12,2,410,1222,162209
2024,12,2,409,1148,163357
2024,12,2,408,1228,164585
2024,12,2,407,1152,165737
2024,12,2,406,1179,166916
2024,12,2,405,1148,168064
2024,12,2,404,1199,169263
2024,12,2,403,1184,170447
2024,12,2,402,1206,171653
2024,12,2,401,1231,172884
2024,12,2,400,1290,174174
2024,12,2,399,1205,175379
2024,12,2,398,1173,176552
2024,12,2,397,1209,177761
2024,12,2,396,1270,179031
2024,12,2,395,1222,180253
2024,12,2,394,1239,181492
2024,12,2,393,1211,182703
2024,12,2,392,1230,183933
2024,12,2,391,1249,185182
2024,12,2,390,1230,186412
2024,12,2,389,1240,187652
2024,12,2,388,1206,188858
2024,12,2,387,1267,190125
2024,12,2,386,1277,191402
2024,12,2,385,1276,192678
2024,12,2,384,1253,193931
2024,12,2,383,1270,195201
2024,12,2,382,1263,196464
2024,12,2,381,1235,197699
2024,12,2,380,1311,199010
2024,12,2,379,1214,200224
2024,12,2,378,1240,201464
2024,12,2,377,1228,202692
2024,12,2,376,1278,203970
2024,12,2,375,1297,205267
2024,12,2,374,1315,206582
2024,12,2,373,1263,207845
2024,12,2,372,1271,209116
2024,12,2,371,1256,210372
2024,12,2,370,1333,211705
2024,12,2,369,1295,213000
2024,12,2,368,1237,214237
2024,12,2,367,1262,215499
2024,12,2,366,1318,216817
2024,12,2,365,1317,218134
2024,12,2,364,1293,219427
2024,12,2,363,1378,220805
2024,12,2,362,1290,222095
2024,12,2,361,1345,223440
2024,12,2,360,1328,224768
2024,12,2,359,1231,225999
2024,12,2,358,1253,227252
2024,12,2,357,1218,228470
2024,12,2,356,1294,229764
2024,12,2,355,1273,231037
2024,12,2,354,1270,232307
2024,12,2,353,1299,233606
2024,12,2,352,1363,234969
2024,12,2,351,1291,236260
2024,12,2,350,1298,237558
2024,12,2,349,1350,238908
2024,12,2,348,1293,240201
2024,12,2,347,1277,241478
2024,12,2,346,1302,242780
2024,12,2,345,1277,244057
2024,12,2,344,1245,245302
2024,12,2,343,1271,246573
2024,12,2,342,1263,247836
2024,12,2,341,1306,249142
2024,12,2,340,1257,250399
2024,12,2,339,1218,251617
2024,12,2,338,1275,252892
2024,12,2,337,1265,254157
2024,12,2,336,1273,255430
2024,12,2,335,1276,256706
2024,12,2,334,1243,257949
2024,12,2,333,1212,259161
2024,12,2,332,1220,260381
2024,12,2,331,1244,261625
2024,12,2,330,1212,262837
2024,12,2,329,1258,264095
2024,12,2,328,1253,265348
2024,12,2,327,1211,266559
2024,12,2,326,1199,267758
2024,12,2,325,1208,268966
2024,12,2,324,1182,270148
2024,12,2,323,1252,271400
2024,12,2,322,1205,272605
2024,12,2,321,1161,273766
2024,12,2,320,1178,274944
2024,12,2,319,1168,276112
2024,12,2,318,1172,277284
2024,12,2,317,1214,278498
2024,12,2,316,1125,279623
2024,12,2,315,1131,280754
2024,12,2,314,1164,281918
2024,12,2,313,1116,283034
2024,12,2,312,1116,284150
2024,12,2,311,1161,285311
2024,12,2,310,1098,286409
2024,12,2,309,1033,287442
2024,12,2,308,1069,288511
2024,12,2,307,1053,289564
2024,12,2,306,1094,290658
2024,12,2,305,1105,291763
2024,12,2,304,1055,292818
2024,12,2,303,1080,293898
2024,12,2,302,1039,294937
2024,12,2,301,976,295913
2024,12,2,300,1026,296939
