year,province_id,subject_category_id,score,count_at_score,cumulative_count
2024,7,2,648,11,11
2024,7,2,647,1,12
2024,7,2,646,1,13
2024,7,2,645,2,15
2024,7,2,644,0,15
2024,7,2,643,2,17
2024,7,2,642,1,18
2024,7,2,641,3,21
2024,7,2,640,1,22
2024,7,2,639,5,27
2024,7,2,638,2,29
2024,7,2,637,5,34
2024,7,2,636,3,37
2024,7,2,635,4,41
2024,7,2,634,5,46
2024,7,2,633,2,48
2024,7,2,632,3,51
2024,7,2,631,3,54
2024,7,2,630,6,60
2024,7,2,629,2,62
2024,7,2,628,7,69
2024,7,2,627,8,77
2024,7,2,626,7,84
2024,7,2,625,8,92
2024,7,2,624,23,115
2024,7,2,623,12,127
2024,7,2,622,7,134
2024,7,2,621,7,141
2024,7,2,620,13,154
2024,7,2,619,9,163
2024,7,2,618,12,175
2024,7,2,617,8,183
2024,7,2,616,15,198
2024,7,2,615,11,209
2024,7,2,614,12,221
2024,7,2,613,10,231
2024,7,2,612,9,240
2024,7,2,611,19,259
2024,7,2,610,18,277
2024,7,2,609,17,294
2024,7,2,608,22,316
2024,7,2,607,21,337
2024,7,2,606,16,353
2024,7,2,605,22,375
2024,7,2,604,12,387
2024,7,2,603,14,401
2024,7,2,602,30,431
2024,7,2,601,16,447
2024,7,2,600,20,467
2024,7,2,599,22,489
2024,7,2,598,25,514
2024,7,2,597,27,541
2024,7,2,596,21,562
2024,7,2,595,27,589
2024,7,2,594,32,621
2024,7,2,593,35,656
2024,7,2,592,37,693
2024,7,2,591,36,729
2024,7,2,590,28,757
2024,7,2,589,37,794
2024,7,2,588,37,831
2024,7,2,587,34,865
2024,7,2,586,36,901
2024,7,2,585,42,943
2024,7,2,584,38,981
2024,7,2,583,55,1036
2024,7,2,582,44,1080
2024,7,2,581,52,1132
2024,7,2,580,54,1186
2024,7,2,579,55,1241
2024,7,2,578,51,1292
2024,7,2,577,46,1338
2024,7,2,576,57,1395
2024,7,2,575,55,1450
2024,7,2,574,60,1510
2024,7,2,573,43,1553
2024,7,2,572,56,1609
2024,7,2,571,60,1669
2024,7,2,570,69,1738
2024,7,2,569,54,1792
2024,7,2,568,66,1858
2024,7,2,567,75,1933
2024,7,2,566,74,2007
2024,7,2,565,82,2089
2024,7,2,564,50,2139
2024,7,2,563,51,2190
2024,7,2,562,82,2272
2024,7,2,561,82,2354
2024,7,2,560,86,2440
2024,7,2,559,69,2509
2024,7,2,558,73,2582
2024,7,2,557,75,2657
2024,7,2,556,94,2751
2024,7,2,555,103,2854
2024,7,2,554,100,2954
2024,7,2,553,87,3041
2024,7,2,552,78,3119
2024,7,2,551,80,3199
2024,7,2,550,96,3295
2024,7,2,549,94,3389
2024,7,2,548,109,3498
2024,7,2,547,106,3604
2024,7,2,597,214,8407
2024,7,2,596,219,8626
2024,7,2,595,224,8850
2024,7,2,594,208,9058
2024,7,2,593,250,9308
2024,7,2,592,212,9520
2024,7,2,591,267,9787
2024,7,2,590,271,10058
2024,7,2,589,276,10334
2024,7,2,588,237,10571
2024,7,2,587,285,10856
2024,7,2,586,288,11144
2024,7,2,585,265,11409
2024,7,2,584,270,11679
2024,7,2,583,269,11948
2024,7,2,582,293,12241
2024,7,2,581,320,12561
2024,7,2,580,313,12874
2024,7,2,579,275,13149
2024,7,2,578,283,13432
2024,7,2,577,287,13719
2024,7,2,576,329,14048
2024,7,2,575,332,14380
2024,7,2,574,321,14701
2024,7,2,573,303,15004
2024,7,2,572,340,15344
2024,7,2,571,346,15690
2024,7,2,570,363,16053
2024,7,2,569,312,16365
2024,7,2,568,346,16711
2024,7,2,567,347,17058
2024,7,2,566,342,17400
2024,7,2,565,347,17747
2024,7,2,564,321,18068
2024,7,2,563,327,18395
2024,7,2,562,327,18722
2024,7,2,561,374,19096
2024,7,2,560,356,19452
2024,7,2,559,394,19846
2024,7,2,558,365,20211
2024,7,2,557,373,20584
2024,7,2,556,376,20960
2024,7,2,555,406,21366
2024,7,2,554,391,21757
2024,7,2,553,389,22146
2024,7,2,552,418,22564
2024,7,2,551,401,22965
2024,7,2,550,401,23366
2024,7,2,549,398,23764
2024,7,2,548,434,24198
2024,7,2,547,397,24595
2024,7,2,546,111,3715
2024,7,2,545,112,3827
2024,7,2,544,114,3941
2024,7,2,543,122,4063
2024,7,2,542,94,4157
2024,7,2,541,120,4277
2024,7,2,540,106,4383
2024,7,2,539,104,4487
2024,7,2,538,148,4635
2024,7,2,537,129,4764
2024,7,2,536,112,4876
2024,7,2,535,122,4998
2024,7,2,534,152,5150
2024,7,2,533,139,5289
2024,7,2,532,149,5438
2024,7,2,531,163,5601
2024,7,2,530,125,5726
2024,7,2,529,126,5852
2024,7,2,528,144,5996
2024,7,2,527,171,6167
2024,7,2,526,172,6339
2024,7,2,525,187,6526
2024,7,2,524,144,6670
2024,7,2,523,152,6822
2024,7,2,522,147,6969
2024,7,2,521,171,7140
2024,7,2,520,153,7293
2024,7,2,519,152,7445
2024,7,2,518,154,7599
2024,7,2,517,141,7740
2024,7,2,516,166,7906
2024,7,2,515,166,8072
2024,7,2,514,148,8220
2024,7,2,513,162,8382
2024,7,2,512,148,8530
2024,7,2,511,172,8702
2024,7,2,510,171,8873
2024,7,2,509,167,9040
2024,7,2,508,185,9225
2024,7,2,507,218,9443
2024,7,2,506,215,9658
2024,7,2,505,205,9863
2024,7,2,504,197,10060
2024,7,2,503,203,10263
2024,7,2,502,214,10477
2024,7,2,501,219,10696
2024,7,2,500,199,10895
2024,7,2,499,214,11109
2024,7,2,498,195,11304
2024,7,2,497,202,11506
2024,7,2,496,209,11715
2024,7,2,495,221,11936
2024,7,2,494,211,12147
2024,7,2,493,204,12351
2024,7,2,492,212,12563
2024,7,2,491,220,12783
2024,7,2,490,230,13013
2024,7,2,489,230,13243
2024,7,2,488,224,13467
2024,7,2,487,234,13701
2024,7,2,486,248,13949
2024,7,2,485,243,14192
2024,7,2,484,244,14436
2024,7,2,483,239,14675
2024,7,2,482,275,14950
2024,7,2,481,249,15199
2024,7,2,480,233,15432
2024,7,2,479,243,15675
2024,7,2,478,224,15899
2024,7,2,477,296,16195
2024,7,2,476,281,16476
2024,7,2,475,234,16710
2024,7,2,474,262,16972
2024,7,2,473,257,17229
2024,7,2,472,265,17494
2024,7,2,471,263,17757
2024,7,2,470,274,18031
2024,7,2,469,260,18291
2024,7,2,468,249,18540
2024,7,2,467,284,18824
2024,7,2,466,247,19071
2024,7,2,465,295,19366
2024,7,2,464,285,19651
2024,7,2,463,289,19940
2024,7,2,462,261,20201
2024,7,2,461,292,20493
2024,7,2,460,269,20762
2024,7,2,459,282,21044
2024,7,2,458,290,21334
2024,7,2,457,288,21622
2024,7,2,456,273,21895
2024,7,2,455,284,22179
2024,7,2,454,268,22447
2024,7,2,453,254,22701
2024,7,2,452,286,22987
2024,7,2,451,268,23255
2024,7,2,450,300,23555
2024,7,2,449,287,23842
2024,7,2,448,243,24085
2024,7,2,447,269,24354
2024,7,2,446,318,24672
