year,province_id,subject_category_id,score,count_at_score,cumulative_count
2024,7,1,699,12,12
2024,7,1,698,2,14
2024,7,1,697,3,17
2024,7,1,696,2,19
2024,7,1,695,9,28
2024,7,1,694,3,31
2024,7,1,693,2,33
2024,7,1,692,4,37
2024,7,1,691,3,40
2024,7,1,690,8,48
2024,7,1,689,10,58
2024,7,1,688,7,65
2024,7,1,687,9,74
2024,7,1,686,17,91
2024,7,1,685,13,104
2024,7,1,684,19,123
2024,7,1,683,13,136
2024,7,1,682,13,149
2024,7,1,681,14,163
2024,7,1,680,13,176
2024,7,1,679,11,187
2024,7,1,678,19,206
2024,7,1,677,10,216
2024,7,1,676,12,228
2024,7,1,675,28,256
2024,7,1,674,30,286
2024,7,1,673,29,315
2024,7,1,672,25,340
2024,7,1,671,25,365
2024,7,1,670,21,386
2024,7,1,669,36,422
2024,7,1,668,32,454
2024,7,1,667,22,476
2024,7,1,666,27,503
2024,7,1,665,32,535
2024,7,1,664,42,577
2024,7,1,663,41,618
2024,7,1,662,36,654
2024,7,1,661,34,688
2024,7,1,660,51,739
2024,7,1,659,44,783
2024,7,1,658,50,833
2024,7,1,657,39,872
2024,7,1,656,53,925
2024,7,1,655,50,975
2024,7,1,654,58,1033
2024,7,1,653,51,1084
2024,7,1,652,48,1132
2024,7,1,651,59,1191
2024,7,1,650,63,1254
2024,7,1,649,61,1315
2024,7,1,648,60,1375
2024,7,1,647,65,1440
2024,7,1,646,54,1494
2024,7,1,645,81,1575
2024,7,1,644,60,1635
2024,7,1,643,87,1722
2024,7,1,642,78,1800
2024,7,1,641,84,1884
2024,7,1,640,81,1965
2024,7,1,639,72,2037
2024,7,1,638,68,2105
2024,7,1,637,104,2209
2024,7,1,636,88,2297
2024,7,1,635,93,2390
2024,7,1,634,97,2487
2024,7,1,633,108,2595
2024,7,1,632,102,2697
2024,7,1,631,81,2778
2024,7,1,630,119,2897
2024,7,1,629,107,3004
2024,7,1,628,121,3125
2024,7,1,627,109,3234
2024,7,1,626,141,3375
2024,7,1,625,123,3498
2024,7,1,624,103,3601
2024,7,1,623,129,3730
2024,7,1,622,151,3881
2024,7,1,621,138,4019
2024,7,1,620,140,4159
2024,7,1,619,128,4287
2024,7,1,618,147,4434
2024,7,1,617,140,4574
2024,7,1,616,181,4755
2024,7,1,615,182,4937
2024,7,1,614,179,5116
2024,7,1,613,192,5308
2024,7,1,612,171,5479
2024,7,1,611,177,5656
2024,7,1,610,178,5834
2024,7,1,609,181,6015
2024,7,1,608,190,6205
2024,7,1,607,191,6396
2024,7,1,606,190,6586
2024,7,1,605,192,6778
2024,7,1,604,190,6968
2024,7,1,603,203,7171
2024,7,1,602,171,7342
2024,7,1,601,200,7542
2024,7,1,600,219,7761
2024,7,1,599,228,7989
2024,7,1,598,204,8193
2024,7,1,597,214,8407
2024,7,1,596,219,8626
2024,7,1,595,224,8850
2024,7,1,594,208,9058
2024,7,1,593,250,9308
2024,7,1,592,212,9520
2024,7,1,591,267,9787
2024,7,1,590,271,10058
2024,7,1,589,276,10334
2024,7,1,588,237,10571
2024,7,1,587,285,10856
2024,7,1,586,288,11144
2024,7,1,585,265,11409
2024,7,1,584,270,11679
2024,7,1,583,269,11948
2024,7,1,582,293,12241
2024,7,1,581,320,12561
2024,7,1,580,313,12874
2024,7,1,579,275,13149
2024,7,1,578,283,13432
2024,7,1,577,287,13719
2024,7,1,576,329,14048
2024,7,1,575,332,14380
2024,7,1,574,321,14701
2024,7,1,573,303,15004
2024,7,1,572,340,15344
2024,7,1,571,346,15690
2024,7,1,570,363,16053
2024,7,1,569,312,16365
2024,7,1,568,346,16711
2024,7,1,567,347,17058
2024,7,1,566,342,17400
2024,7,1,565,347,17747
2024,7,1,564,321,18068
2024,7,1,563,327,18395
2024,7,1,562,327,18722
2024,7,1,561,374,19096
2024,7,1,560,356,19452
2024,7,1,559,394,19846
2024,7,1,558,365,20211
2024,7,1,557,373,20584
2024,7,1,556,376,20960
2024,7,1,555,406,21366
2024,7,1,554,391,21757
2024,7,1,553,389,22146
2024,7,1,552,418,22564
2024,7,1,551,401,22965
2024,7,1,550,401,23366
2024,7,1,549,398,23764
2024,7,1,548,434,24198
2024,7,1,547,397,24595
2024,7,1,546,414,25009
2024,7,1,545,421,25430
2024,7,1,544,397,25827
2024,7,1,543,432,26259
2024,7,1,542,418,26677
2024,7,1,541,410,27087
2024,7,1,540,441,27528
2024,7,1,539,433,27961
2024,7,1,538,486,28447
2024,7,1,537,445,28892
2024,7,1,536,413,29305
2024,7,1,535,472,29777
2024,7,1,534,475,30252
2024,7,1,533,472,30724
2024,7,1,532,458,31182
2024,7,1,531,457,31639
2024,7,1,530,477,32116
2024,7,1,529,483,32599
2024,7,1,528,480,33079
2024,7,1,527,479,33558
2024,7,1,526,454,34012
2024,7,1,525,482,34494
2024,7,1,524,450,34944
2024,7,1,523,471,35415
2024,7,1,522,446,35861
2024,7,1,521,491,36352
2024,7,1,520,534,36886
2024,7,1,519,515,37401
2024,7,1,518,498,37899
2024,7,1,517,504,38403
2024,7,1,516,468,38871
2024,7,1,515,510,39381
2024,7,1,514,553,39934
2024,7,1,513,533,40467
2024,7,1,512,510,40977
2024,7,1,511,530,41507
2024,7,1,510,522,42029
2024,7,1,509,538,42567
2024,7,1,508,564,43131
2024,7,1,507,499,43630
2024,7,1,506,546,44176
2024,7,1,505,547,44723
2024,7,1,504,559,45282
2024,7,1,503,534,45816
2024,7,1,502,561,46377
2024,7,1,501,553,46930
2024,7,1,500,551,47481
2024,7,1,499,571,48052
2024,7,1,498,523,48575
2024,7,1,497,569,49144
2024,7,1,496,527,49671
2024,7,1,495,586,50257
2024,7,1,494,591,50848
2024,7,1,493,552,51400
2024,7,1,492,543,51943
2024,7,1,491,629,52572
2024,7,1,490,622,53194
2024,7,1,489,558,53752
2024,7,1,488,600,54352
2024,7,1,487,591,54943
2024,7,1,486,627,55570
2024,7,1,485,559,56129
2024,7,1,484,686,56815
2024,7,1,483,610,57425
2024,7,1,482,574,57999
2024,7,1,481,567,58566
2024,7,1,480,612,59178
2024,7,1,479,642,59820
2024,7,1,478,630,60450
2024,7,1,477,607,61057
2024,7,1,476,619,61676
2024,7,1,475,646,62322
2024,7,1,474,585,62907
2024,7,1,473,619,63526
2024,7,1,472,653,64179
2024,7,1,471,625,64804
2024,7,1,470,610,65414
2024,7,1,469,638,66052
2024,7,1,468,700,66752
2024,7,1,467,673,67425
2024,7,1,466,669,68094
2024,7,1,465,651,68745
2024,7,1,464,632,69377
2024,7,1,463,699,70076
2024,7,1,462,687,70763
2024,7,1,461,650,71413
2024,7,1,460,691,72104
2024,7,1,459,710,72814
2024,7,1,458,684,73498
2024,7,1,457,699,74197
2024,7,1,456,686,74883
2024,7,1,455,658,75541
2024,7,1,454,698,76239
2024,7,1,453,674,76913
2024,7,1,452,696,77609
2024,7,1,451,723,78332
2024,7,1,450,693,79025
2024,7,1,449,720,79745
2024,7,1,448,677,80422
2024,7,1,447,695,81117
2024,7,1,446,642,81759
2024,7,1,445,658,82417
2024,7,1,444,717,83134
2024,7,1,443,693,83827
2024,7,1,442,682,84509
2024,7,1,441,685,85194
2024,7,1,440,681,85875
2024,7,1,439,665,86540
2024,7,1,438,684,87224
2024,7,1,437,684,87908
2024,7,1,436,684,88592
2024,7,1,435,687,89279
2024,7,1,434,690,89969
2024,7,1,433,692,90661
2024,7,1,432,635,91296
2024,7,1,431,684,91980
2024,7,1,430,691,92671
2024,7,1,429,664,93335
2024,7,1,428,713,94048
2024,7,1,427,653,94701
2024,7,1,426,701,95402
2024,7,1,425,649,96051
2024,7,1,424,665,96716
2024,7,1,423,682,97398
2024,7,1,422,699,98097
2024,7,1,421,640,98737
2024,7,1,420,682,99419
2024,7,1,419,675,100094
2024,7,1,418,654,100748
