year,province_id,subject_category_id,score,count_at_score,cumulative_count
2024,19,2,665,20 ,20 
2024,19,2,664 ,3 ,23 
2024,19,2,663 ,6 ,29 
2024,19,2,662 ,6 ,35 
2024,19,2,661 ,5 ,40 
2024,19,2,660 ,6 ,46 
2024,19,2,659 ,7 ,53 
2024,19,2,658 ,3 ,56 
2024,19,2,657 ,9 ,65 
2024,19,2,656 ,11 ,76 
2024,19,2,655 ,11 ,87 
2024,19,2,654 ,14 ,101 
2024,19,2,653 ,6 ,107 
2024,19,2,652 ,11 ,118 
2024,19,2,651 ,9 ,127 
2024,19,2,650 ,13 ,140 
2024,19,2,649 ,9 ,149 
2024,19,2,648 ,13 ,162 
2024,19,2,647 ,14 ,176 
2024,19,2,646 ,10 ,186 
2024,19,2,645 ,17 ,203 
2024,19,2,644 ,20 ,223 
2024,19,2,643 ,17 ,240 
2024,19,2,642 ,4 ,244 
2024,19,2,641 ,12 ,256 
2024,19,2,640 ,24 ,280 
2024,19,2,639 ,22 ,302 
2024,19,2,638 ,29 ,331 
2024,19,2,637 ,29 ,360 
2024,19,2,636 ,25 ,385 
2024,19,2,635 ,24 ,409 
2024,19,2,634 ,33 ,442 
2024,19,2,633 ,36 ,478 
2024,19,2,632 ,29 ,507 
2024,19,2,631 ,41 ,548 
2024,19,2,630 ,45 ,593 
2024,19,2,629 ,37 ,630 
2024,19,2,628 ,49 ,679 
2024,19,2,627 ,43 ,722 
2024,19,2,626 ,54 ,776 
2024,19,2,625 ,52 ,828 
2024,19,2,624 ,52 ,880 
2024,19,2,623 ,67 ,947 
2024,19,2,622 ,73 ,1020 
2024,19,2,621 ,45 ,1065 
2024,19,2,620 ,87 ,1152 
2024,19,2,619 ,45 ,1197 
2024,19,2,618 ,77 ,1274 
2024,19,2,617 ,80 ,1354 
2024,19,2,616 ,60 ,1414 
2024,19,2,615 ,80 ,1494 
2024,19,2,614 ,72 ,1566 
2024,19,2,613 ,91 ,1657 
2024,19,2,612 ,83 ,1740 
2024,19,2,611 ,80 ,1820 
2024,19,2,610 ,101 ,1921 
2024,19,2,609 ,84 ,2005 
2024,19,2,608 ,92 ,2097 
2024,19,2,607 ,122 ,2219 
2024,19,2,606 ,140 ,2359 
2024,19,2,605 ,107 ,2466 
2024,19,2,604 ,116 ,2582 
2024,19,2,603 ,113 ,2695 
2024,19,2,602 ,122 ,2817 
2024,19,2,601 ,128 ,2945 
2024,19,2,600 ,101 ,3046 
2024,19,2,599 ,135 ,3181 
2024,19,2,598 ,120 ,3301 
2024,19,2,597 ,122 ,3423 
2024,19,2,596 ,121 ,3544 
2024,19,2,595 ,165 ,3709 
2024,19,2,594 ,163 ,3872 
2024,19,2,593 ,152 ,4024 
2024,19,2,592 ,165 ,4189 
2024,19,2,591 ,166 ,4355 
2024,19,2,590 ,168 ,4523 
2024,19,2,589 ,151 ,4674 
2024,19,2,588 ,164 ,4838 
2024,19,2,587 ,177 ,5015 
2024,19,2,586 ,183 ,5198 
2024,19,2,585 ,200 ,5398 
2024,19,2,584 ,196 ,5594 
2024,19,2,583 ,207 ,5801 
2024,19,2,582 ,187 ,5988 
2024,19,2,581 ,210 ,6198 
2024,19,2,580 ,194 ,6392 
2024,19,2,579 ,204 ,6596 
2024,19,2,578 ,236 ,6832 
2024,19,2,577 ,214 ,7046 
2024,19,2,576 ,242 ,7288 
2024,19,2,575 ,240 ,7528 
2024,19,2,574 ,230 ,7758 
2024,19,2,573 ,231 ,7989 
2024,19,2,572 ,237 ,8226 
2024,19,2,571 ,249 ,8475 
2024,19,2,570 ,279 ,8754 
2024,19,2,569 ,246 ,9000 
2024,19,2,568 ,245 ,9245 
2024,19,2,567 ,245 ,9490 
2024,19,2,566 ,225 ,9715 
2024,19,2,565 ,271 ,9986 
2024,19,2,564 ,297 ,10283 
2024,19,2,563 ,288 ,10571 
2024,19,2,562 ,313 ,10884 
2024,19,2,561 ,250 ,11134 
2024,19,2,560 ,320 ,11454 
2024,19,2,559 ,319 ,11773 
2024,19,2,558 ,313 ,12086 
2024,19,2,557 ,315 ,12401 
2024,19,2,556 ,340 ,12741 
2024,19,2,555 ,312 ,13053 
2024,19,2,554 ,335 ,13388 
2024,19,2,553 ,308 ,13696 
2024,19,2,552 ,346 ,14042 
2024,19,2,551 ,350 ,14392 
2024,19,2,550 ,386 ,14778 
2024,19,2,549 ,325 ,15103 
2024,19,2,548 ,373 ,15476 
2024,19,2,547 ,391 ,15867 
2024,19,2,546 ,426 ,16293 
2024,19,2,545 ,354 ,16647 
2024,19,2,544 ,419 ,17066 
2024,19,2,543 ,374 ,17440 
2024,19,2,542 ,367 ,17807 
2024,19,2,541 ,418 ,18225 
2024,19,2,540 ,389 ,18614 
2024,19,2,539 ,426 ,19040 
2024,19,2,538 ,394 ,19434 
2024,19,2,537 ,456 ,19890 
2024,19,2,536 ,422 ,20312 
2024,19,2,535 ,408 ,20720 
2024,19,2,534 ,404 ,21124 
2024,19,2,533 ,449 ,21573 
2024,19,2,532 ,420 ,21993 
2024,19,2,531 ,455 ,22448 
2024,19,2,530 ,456 ,22904 
2024,19,2,529 ,502 ,23406 
2024,19,2,528 ,434 ,23840 
2024,19,2,527 ,463 ,24303 
2024,19,2,526 ,493 ,24796 
2024,19,2,525 ,510 ,25306 
2024,19,2,524 ,486 ,25792 
2024,19,2,523 ,505 ,26297 
2024,19,2,522 ,470 ,26767 
2024,19,2,521 ,501 ,27268 
2024,19,2,520 ,473 ,27741 
2024,19,2,519 ,506 ,28247 
2024,19,2,518 ,527 ,28774 
2024,19,2,517 ,540 ,29314 
2024,19,2,516 ,583 ,29897 
2024,19,2,515 ,527 ,30424 
2024,19,2,514 ,557 ,30981 
2024,19,2,513 ,515 ,31496 
2024,19,2,512 ,567 ,32063 
2024,19,2,511 ,570 ,32633 
2024,19,2,510 ,530 ,33163 
2024,19,2,509 ,615 ,33778 
2024,19,2,508 ,546 ,34324 
2024,19,2,507 ,604 ,34928 
2024,19,2,506 ,602 ,35530 
2024,19,2,505 ,589 ,36119 
2024,19,2,504 ,639 ,36758 
2024,19,2,503 ,629 ,37387 
2024,19,2,502 ,655 ,38042 
2024,19,2,501 ,616 ,38658 
2024,19,2,500 ,624 ,39282 
2024,19,2,499 ,641 ,39923 
2024,19,2,498 ,616 ,40539 
2024,19,2,497 ,646 ,41185 
2024,19,2,496 ,656 ,41841 
2024,19,2,495 ,629 ,42470 
2024,19,2,494 ,650 ,43120 
2024,19,2,493 ,648 ,43768 
2024,19,2,492 ,669 ,44437 
2024,19,2,491 ,674 ,45111 
2024,19,2,490 ,722 ,45833 
2024,19,2,489 ,721 ,46554 
2024,19,2,488 ,682 ,47236 
2024,19,2,487 ,688 ,47924 
2024,19,2,486 ,718 ,48642 
2024,19,2,485 ,658 ,49300 
2024,19,2,484 ,729 ,50029 
2024,19,2,483 ,749 ,50778 
2024,19,2,482 ,692 ,51470 
2024,19,2,481 ,703 ,52173 
2024,19,2,480 ,750 ,52923 
2024,19,2,479 ,807 ,53730 
2024,19,2,478 ,735 ,54465 
2024,19,2,477 ,739 ,55204 
2024,19,2,476 ,730 ,55934 
2024,19,2,475 ,767 ,56701 
2024,19,2,474 ,746 ,57447 
2024,19,2,473 ,722 ,58169 
2024,19,2,472 ,696 ,58865 
2024,19,2,471 ,759 ,59624 
2024,19,2,470 ,752 ,60376 
2024,19,2,469 ,762 ,61138 
2024,19,2,468 ,757 ,61895 
2024,19,2,467 ,761 ,62656 
2024,19,2,466 ,809 ,63465 
2024,19,2,465 ,739 ,64204 
2024,19,2,464 ,828 ,65032 
2024,19,2,463 ,795 ,65827 
2024,19,2,462 ,809 ,66636 
2024,19,2,461 ,723 ,67359 
2024,19,2,460 ,897 ,68256 
2024,19,2,459 ,830 ,69086 
2024,19,2,458 ,838 ,69924 
2024,19,2,457 ,805 ,70729 
2024,19,2,456 ,858 ,71587 
2024,19,2,455 ,790 ,72377 
2024,19,2,454 ,815 ,73192 
2024,19,2,453 ,863 ,74055 
2024,19,2,452 ,809 ,74864 
2024,19,2,451 ,894 ,75758 
2024,19,2,450 ,837 ,76595 
2024,19,2,449 ,855 ,77450 
2024,19,2,448 ,853 ,78303 
2024,19,2,447 ,769 ,79072 
2024,19,2,446 ,855 ,79927 
2024,19,2,445 ,899 ,80826 
2024,19,2,444 ,857 ,81683 
2024,19,2,443 ,908 ,82591 
2024,19,2,442 ,860 ,83451 
2024,19,2,441 ,905 ,84356 
2024,19,2,440 ,833 ,85189 
2024,19,2,439 ,921 ,86110 
2024,19,2,438 ,938 ,87048 
2024,19,2,437 ,886 ,87934 
2024,19,2,436 ,902 ,88836 
2024,19,2,435 ,916 ,89752 
2024,19,2,434 ,882 ,90634 
2024,19,2,433 ,923 ,91557 
2024,19,2,432 ,998 ,92555 
2024,19,2,431 ,947 ,93502 
2024,19,2,430 ,888 ,94390 
2024,19,2,429 ,952 ,95342 
2024,19,2,428 ,924 ,96266 
2024,19,2,427 ,953 ,97219 
2024,19,2,426 ,973 ,98192 
2024,19,2,425 ,861 ,99053 
2024,19,2,424 ,938 ,99991 
2024,19,2,423 ,968 ,100959 
2024,19,2,422 ,960 ,101919 
2024,19,2,421 ,1047 ,102966 
2024,19,2,420 ,940 ,103906 
2024,19,2,419 ,952 ,104858 
2024,19,2,418 ,992 ,105850 
2024,19,2,417 ,960 ,106810 
2024,19,2,416 ,966 ,107776 
2024,19,2,415 ,894 ,108670 
2024,19,2,414 ,985 ,109655 
2024,19,2,413 ,976 ,110631 
2024,19,2,412 ,1018 ,111649 
2024,19,2,411 ,944 ,112593 
2024,19,2,410 ,951 ,113544 
2024,19,2,409 ,1001 ,114545 
2024,19,2,408 ,1000 ,115545 
2024,19,2,407 ,1039 ,116584 
2024,19,2,406 ,989 ,117573 
2024,19,2,405 ,1032 ,118605 
2024,19,2,404 ,972 ,119577 
2024,19,2,403 ,1060 ,120637 
2024,19,2,402 ,1006 ,121643 
2024,19,2,401 ,1027 ,122670 
2024,19,2,400 ,1041 ,123711 
2024,19,2,399 ,1006 ,124717 
2024,19,2,398 ,1011 ,125728 
2024,19,2,397 ,1068 ,126796 
2024,19,2,396 ,1033 ,127829 
2024,19,2,395 ,1058 ,128887 
2024,19,2,394 ,974 ,129861 
2024,19,2,393 ,1039 ,130900 
2024,19,2,392 ,1069 ,131969 
2024,19,2,391 ,1007 ,132976 
2024,19,2,390 ,1016 ,133992 
2024,19,2,389 ,989 ,134981 
2024,19,2,388 ,1070 ,136051 
2024,19,2,387 ,1048 ,137099 
2024,19,2,386 ,1061 ,138160 
2024,19,2,385 ,1043 ,139203 
2024,19,2,384 ,1083 ,140286 
2024,19,2,383 ,1133 ,141419 
2024,19,2,382 ,1087 ,142506 
2024,19,2,381 ,1082 ,143588 
2024,19,2,380 ,1059 ,144647 
2024,19,2,379 ,1118 ,145765 
2024,19,2,378 ,1030 ,146795 
2024,19,2,377 ,1014 ,147809 
2024,19,2,376 ,1008 ,148817 
2024,19,2,375 ,1054 ,149871 
2024,19,2,374 ,1072 ,150943 
2024,19,2,373 ,1103 ,152046 
2024,19,2,372 ,1042 ,153088 
2024,19,2,371 ,1078 ,154166 
2024,19,2,370 ,1062 ,155228 
2024,19,2,369 ,1019 ,156247 
2024,19,2,368 ,1032 ,157279 
2024,19,2,367 ,1043 ,158322 
2024,19,2,366 ,961 ,159283 
2024,19,2,365 ,1046 ,160329 
2024,19,2,364 ,1076 ,161405 
2024,19,2,363 ,1120 ,162525 
2024,19,2,362 ,1051 ,163576 
2024,19,2,361 ,1049 ,164625 
2024,19,2,360 ,1068 ,165693 
2024,19,2,359 ,1066 ,166759 
2024,19,2,358 ,1079 ,167838 
2024,19,2,357 ,1118 ,168956 
2024,19,2,356 ,1067 ,170023 
2024,19,2,355 ,1035 ,171058 
2024,19,2,354 ,1079 ,172137 
2024,19,2,353 ,1062 ,173199 
2024,19,2,352 ,1070 ,174269 
2024,19,2,351 ,1060 ,175329 
2024,19,2,350 ,1085 ,176414 
2024,19,2,349 ,1063 ,177477 
2024,19,2,348 ,1044 ,178521 
2024,19,2,347 ,1053 ,179574 
2024,19,2,346 ,1084 ,180658 
2024,19,2,345 ,1089 ,181747 
2024,19,2,344 ,1023 ,182770 
2024,19,2,343 ,1025 ,183795 
2024,19,2,342 ,1016 ,184811 
2024,19,2,341 ,1067 ,185878 
2024,19,2,340 ,1087 ,186965 
2024,19,2,339 ,1016 ,187981 
2024,19,2,338 ,983 ,188964 
2024,19,2,337 ,988 ,189952 
2024,19,2,336 ,1058 ,191010 
2024,19,2,335 ,1034 ,192044 
2024,19,2,334 ,1020 ,193064 
2024,19,2,333 ,1005 ,194069 
2024,19,2,332 ,959 ,195028 
2024,19,2,331 ,1022 ,196050 
2024,19,2,330 ,953 ,197003 
2024,19,2,329 ,1000 ,198003 
2024,19,2,328 ,975 ,198978 
2024,19,2,327 ,986 ,199964 
2024,19,2,326 ,949 ,200913 
2024,19,2,325 ,997 ,201910 
2024,19,2,324 ,981 ,202891 
2024,19,2,323 ,905 ,203796 
2024,19,2,322 ,940 ,204736 
2024,19,2,321 ,980 ,205716 
2024,19,2,320 ,980 ,206696 
2024,19,2,319 ,919 ,207615 
2024,19,2,318 ,925 ,208540 
2024,19,2,317 ,906 ,209446 
2024,19,2,316 ,943 ,210389 
2024,19,2,315 ,954 ,211343 
2024,19,2,314 ,911 ,212254 
2024,19,2,313 ,924 ,213178 
2024,19,2,312 ,913 ,214091 
2024,19,2,311 ,926 ,215017 
2024,19,2,310 ,886 ,215903 
2024,19,2,309 ,885 ,216788 
2024,19,2,308 ,887 ,217675 
2024,19,2,307 ,852 ,218527 
2024,19,2,306 ,891 ,219418 
2024,19,2,305 ,892 ,220310 
2024,19,2,304 ,853 ,221163 
2024,19,2,303 ,823 ,221986 
2024,19,2,302 ,837 ,222823 
2024,19,2,301 ,796 ,223619 
2024,19,2,300 ,794 ,224413 
,,,,,
,,,,,
,,,,,
,,,,,
,,,,,
,,,,,
,,,,,
,,,,,
,,,,,
,,,,,
