year,province_id,subject_category_id,score,count_at_score,cumulative_count
2024,19,1,695,31 ,31 
2024,19,1,694 ,10 ,41 
2024,19,1,693 ,6 ,47 
2024,19,1,692 ,9 ,56 
2024,19,1,691 ,6 ,62 
2024,19,1,690 ,11 ,73 
2024,19,1,689 ,12 ,85 
2024,19,1,688 ,15 ,100 
2024,19,1,687 ,14 ,114 
2024,19,1,686 ,12 ,126 
2024,19,1,685 ,12 ,138 
2024,19,1,684 ,15 ,153 
2024,19,1,683 ,15 ,168 
2024,19,1,682 ,28 ,196 
2024,19,1,681 ,14 ,210 
2024,19,1,680 ,35 ,245 
2024,19,1,679 ,27 ,272 
2024,19,1,678 ,23 ,295 
2024,19,1,677 ,44 ,339 
2024,19,1,676 ,38 ,377 
2024,19,1,675 ,51 ,428 
2024,19,1,674 ,52 ,480 
2024,19,1,673 ,51 ,531 
2024,19,1,672 ,59 ,590 
2024,19,1,671 ,44 ,634 
2024,19,1,670 ,60 ,694 
2024,19,1,669 ,65 ,759 
2024,19,1,668 ,64 ,823 
2024,19,1,667 ,78 ,901 
2024,19,1,666 ,81 ,982 
2024,19,1,665 ,74 ,1056 
2024,19,1,664 ,85 ,1141 
2024,19,1,663 ,87 ,1228 
2024,19,1,662 ,96 ,1324 
2024,19,1,661 ,105 ,1429 
2024,19,1,660 ,116 ,1545 
2024,19,1,659 ,112 ,1657 
2024,19,1,658 ,99 ,1756 
2024,19,1,657 ,118 ,1874 
2024,19,1,656 ,125 ,1999 
2024,19,1,655 ,138 ,2137 
2024,19,1,654 ,131 ,2268 
2024,19,1,653 ,142 ,2410 
2024,19,1,652 ,145 ,2555 
2024,19,1,651 ,146 ,2701 
2024,19,1,650 ,151 ,2852 
2024,19,1,649 ,162 ,3014 
2024,19,1,648 ,162 ,3176 
2024,19,1,647 ,193 ,3369 
2024,19,1,646 ,205 ,3574 
2024,19,1,645 ,203 ,3777 
2024,19,1,644 ,205 ,3982 
2024,19,1,643 ,211 ,4193 
2024,19,1,642 ,233 ,4426 
2024,19,1,641 ,251 ,4677 
2024,19,1,640 ,271 ,4948 
2024,19,1,639 ,249 ,5197 
2024,19,1,638 ,257 ,5454 
2024,19,1,637 ,262 ,5716 
2024,19,1,636 ,244 ,5960 
2024,19,1,635 ,257 ,6217 
2024,19,1,634 ,265 ,6482 
2024,19,1,633 ,275 ,6757 
2024,19,1,632 ,305 ,7062 
2024,19,1,631 ,293 ,7355 
2024,19,1,630 ,313 ,7668 
2024,19,1,629 ,320 ,7988 
2024,19,1,628 ,325 ,8313 
2024,19,1,627 ,362 ,8675 
2024,19,1,626 ,379 ,9054 
2024,19,1,625 ,352 ,9406 
2024,19,1,624 ,357 ,9763 
2024,19,1,623 ,380 ,10143 
2024,19,1,622 ,388 ,10531 
2024,19,1,621 ,408 ,10939 
2024,19,1,620 ,412 ,11351 
2024,19,1,619 ,456 ,11807 
2024,19,1,618 ,424 ,12231 
2024,19,1,617 ,450 ,12681 
2024,19,1,616 ,475 ,13156 
2024,19,1,615 ,508 ,13664 
2024,19,1,614 ,497 ,14161 
2024,19,1,613 ,524 ,14685 
2024,19,1,612 ,529 ,15214 
2024,19,1,611 ,509 ,15723 
2024,19,1,610 ,539 ,16262 
2024,19,1,609 ,558 ,16820 
2024,19,1,608 ,532 ,17352 
2024,19,1,607 ,557 ,17909 
2024,19,1,606 ,543 ,18452 
2024,19,1,605 ,604 ,19056 
2024,19,1,604 ,607 ,19663 
2024,19,1,603 ,613 ,20276 
2024,19,1,602 ,641 ,20917 
2024,19,1,601 ,597 ,21514 
2024,19,1,600 ,702 ,22216 
2024,19,1,599 ,639 ,22855 
2024,19,1,598 ,667 ,23522 
2024,19,1,597 ,648 ,24170 
2024,19,1,596 ,716 ,24886 
2024,19,1,595 ,714 ,25600 
2024,19,1,594 ,729 ,26329 
2024,19,1,593 ,756 ,27085 
2024,19,1,592 ,776 ,27861 
2024,19,1,591 ,782 ,28643 
2024,19,1,590 ,749 ,29392 
2024,19,1,589 ,773 ,30165 
2024,19,1,588 ,829 ,30994 
2024,19,1,587 ,820 ,31814 
2024,19,1,586 ,854 ,32668 
2024,19,1,585 ,819 ,33487 
2024,19,1,584 ,818 ,34305 
2024,19,1,583 ,871 ,35176 
2024,19,1,582 ,919 ,36095 
2024,19,1,581 ,888 ,36983 
2024,19,1,580 ,906 ,37889 
2024,19,1,579 ,947 ,38836 
2024,19,1,578 ,909 ,39745 
2024,19,1,577 ,945 ,40690 
2024,19,1,576 ,1030 ,41720 
2024,19,1,575 ,1006 ,42726 
2024,19,1,574 ,988 ,43714 
2024,19,1,573 ,1007 ,44721 
2024,19,1,572 ,1006 ,45727 
2024,19,1,571 ,971 ,46698 
2024,19,1,570 ,1038 ,47736 
2024,19,1,569 ,1015 ,48751 
2024,19,1,568 ,1034 ,49785 
2024,19,1,567 ,1044 ,50829 
2024,19,1,566 ,1094 ,51923 
2024,19,1,565 ,1104 ,53027 
2024,19,1,564 ,1107 ,54134 
2024,19,1,563 ,1161 ,55295 
2024,19,1,562 ,1126 ,56421 
2024,19,1,561 ,1122 ,57543 
2024,19,1,560 ,1212 ,58755 
2024,19,1,559 ,1209 ,59964 
2024,19,1,558 ,1205 ,61169 
2024,19,1,557 ,1201 ,62370 
2024,19,1,556 ,1184 ,63554 
2024,19,1,555 ,1228 ,64782 
2024,19,1,554 ,1242 ,66024 
2024,19,1,553 ,1277 ,67301 
2024,19,1,552 ,1266 ,68567 
2024,19,1,551 ,1325 ,69892 
2024,19,1,550 ,1293 ,71185 
2024,19,1,549 ,1261 ,72446 
2024,19,1,548 ,1279 ,73725 
2024,19,1,547 ,1281 ,75006 
2024,19,1,546 ,1339 ,76345 
2024,19,1,545 ,1353 ,77698 
2024,19,1,544 ,1331 ,79029 
2024,19,1,543 ,1347 ,80376 
2024,19,1,542 ,1383 ,81759 
2024,19,1,541 ,1369 ,83128 
2024,19,1,540 ,1371 ,84499 
2024,19,1,539 ,1392 ,85891 
2024,19,1,538 ,1452 ,87343 
2024,19,1,537 ,1482 ,88825 
2024,19,1,536 ,1523 ,90348 
2024,19,1,535 ,1489 ,91837 
2024,19,1,534 ,1529 ,93366 
2024,19,1,533 ,1570 ,94936 
2024,19,1,532 ,1502 ,96438 
2024,19,1,531 ,1512 ,97950 
2024,19,1,530 ,1530 ,99480 
2024,19,1,529 ,1596 ,101076 
2024,19,1,528 ,1529 ,102605 
2024,19,1,527 ,1559 ,104164 
2024,19,1,526 ,1526 ,105690 
2024,19,1,525 ,1500 ,107190 
2024,19,1,524 ,1535 ,108725 
2024,19,1,523 ,1572 ,110297 
2024,19,1,522 ,1615 ,111912 
2024,19,1,521 ,1519 ,113431 
2024,19,1,520 ,1635 ,115066 
2024,19,1,519 ,1620 ,116686 
2024,19,1,518 ,1594 ,118280 
2024,19,1,517 ,1587 ,119867 
2024,19,1,516 ,1623 ,121490 
2024,19,1,515 ,1572 ,123062 
2024,19,1,514 ,1642 ,124704 
2024,19,1,513 ,1626 ,126330 
2024,19,1,512 ,1658 ,127988 
2024,19,1,511 ,1647 ,129635 
2024,19,1,510 ,1694 ,131329 
2024,19,1,509 ,1683 ,133012 
2024,19,1,508 ,1697 ,134709 
2024,19,1,507 ,1769 ,136478 
2024,19,1,506 ,1713 ,138191 
2024,19,1,505 ,1783 ,139974 
2024,19,1,504 ,1765 ,141739 
2024,19,1,503 ,1660 ,143399 
2024,19,1,502 ,1707 ,145106 
2024,19,1,501 ,1758 ,146864 
2024,19,1,500 ,1797 ,148661 
2024,19,1,499 ,1818 ,150479 
2024,19,1,498 ,1775 ,152254 
2024,19,1,497 ,1741 ,153995 
2024,19,1,496 ,1780 ,155775 
2024,19,1,495 ,1722 ,157497 
2024,19,1,494 ,1726 ,159223 
2024,19,1,493 ,1841 ,161064 
2024,19,1,492 ,1722 ,162786 
2024,19,1,491 ,1803 ,164589 
2024,19,1,490 ,1823 ,166412 
2024,19,1,489 ,1726 ,168138 
2024,19,1,488 ,1844 ,169982 
2024,19,1,487 ,1868 ,171850 
2024,19,1,486 ,1781 ,173631 
2024,19,1,485 ,1851 ,175482 
2024,19,1,484 ,1907 ,177389 
2024,19,1,483 ,1862 ,179251 
2024,19,1,482 ,1765 ,181016 
2024,19,1,481 ,1775 ,182791 
2024,19,1,480 ,1794 ,184585 
2024,19,1,479 ,1897 ,186482 
2024,19,1,478 ,1785 ,188267 
2024,19,1,477 ,1901 ,190168 
2024,19,1,476 ,1840 ,192008 
2024,19,1,475 ,1858 ,193866 
2024,19,1,474 ,1828 ,195694 
2024,19,1,473 ,1864 ,197558 
2024,19,1,472 ,1851 ,199409 
2024,19,1,471 ,1836 ,201245 
2024,19,1,470 ,1749 ,202994 
2024,19,1,469 ,1838 ,204832 
2024,19,1,468 ,1869 ,206701 
2024,19,1,467 ,1815 ,208516 
2024,19,1,466 ,1982 ,210498 
2024,19,1,465 ,1834 ,212332 
2024,19,1,464 ,1794 ,214126 
2024,19,1,463 ,1817 ,215943 
2024,19,1,462 ,1840 ,217783 
2024,19,1,461 ,1889 ,219672 
2024,19,1,460 ,1790 ,221462 
2024,19,1,459 ,1843 ,223305 
2024,19,1,458 ,1809 ,225114 
2024,19,1,457 ,1864 ,226978 
2024,19,1,456 ,1782 ,228760 
2024,19,1,455 ,1875 ,230635 
2024,19,1,454 ,1765 ,232400 
2024,19,1,453 ,1740 ,234140 
2024,19,1,452 ,1824 ,235964 
2024,19,1,451 ,1772 ,237736 
2024,19,1,450 ,1800 ,239536 
2024,19,1,449 ,1795 ,241331 
2024,19,1,448 ,1860 ,243191 
2024,19,1,447 ,1806 ,244997 
2024,19,1,446 ,1805 ,246802 
2024,19,1,445 ,1822 ,248624 
2024,19,1,444 ,1754 ,250378 
2024,19,1,443 ,1735 ,252113 
2024,19,1,442 ,1682 ,253795 
2024,19,1,441 ,1768 ,255563 
2024,19,1,440 ,1787 ,257350 
2024,19,1,439 ,1728 ,259078 
2024,19,1,438 ,1703 ,260781 
2024,19,1,437 ,1704 ,262485 
2024,19,1,436 ,1735 ,264220 
2024,19,1,435 ,1726 ,265946 
2024,19,1,434 ,1677 ,267623 
2024,19,1,433 ,1641 ,269264 
2024,19,1,432 ,1680 ,270944 
2024,19,1,431 ,1639 ,272583 
2024,19,1,430 ,1611 ,274194 
2024,19,1,429 ,1639 ,275833 
2024,19,1,428 ,1633 ,277466 
2024,19,1,427 ,1544 ,279010 
2024,19,1,426 ,1622 ,280632 
2024,19,1,425 ,1612 ,282244 
2024,19,1,424 ,1570 ,283814 
2024,19,1,423 ,1637 ,285451 
2024,19,1,422 ,1646 ,287097 
2024,19,1,421 ,1635 ,288732 
2024,19,1,420 ,1560 ,290292 
2024,19,1,419 ,1556 ,291848 
2024,19,1,418 ,1583 ,293431 
2024,19,1,417 ,1559 ,294990 
2024,19,1,416 ,1507 ,296497 
2024,19,1,415 ,1520 ,298017 
2024,19,1,414 ,1471 ,299488 
2024,19,1,413 ,1503 ,300991 
2024,19,1,412 ,1479 ,302470 
2024,19,1,411 ,1467 ,303937 
2024,19,1,410 ,1438 ,305375 
2024,19,1,409 ,1506 ,306881 
2024,19,1,408 ,1500 ,308381 
2024,19,1,407 ,1361 ,309742 
2024,19,1,406 ,1403 ,311145 
2024,19,1,405 ,1416 ,312561 
2024,19,1,404 ,1427 ,313988 
2024,19,1,403 ,1399 ,315387 
2024,19,1,402 ,1427 ,316814 
2024,19,1,401 ,1396 ,318210 
2024,19,1,400 ,1412 ,319622 
2024,19,1,399 ,1466 ,321088 
2024,19,1,398 ,1348 ,322436 
2024,19,1,397 ,1369 ,323805 
2024,19,1,396 ,1355 ,325160 
2024,19,1,395 ,1322 ,326482 
2024,19,1,394 ,1289 ,327771 
2024,19,1,393 ,1269 ,329040 
2024,19,1,392 ,1264 ,330304 
2024,19,1,391 ,1203 ,331507 
2024,19,1,390 ,1255 ,332762 
2024,19,1,389 ,1206 ,333968 
2024,19,1,388 ,1262 ,335230 
2024,19,1,387 ,1286 ,336516 
2024,19,1,386 ,1296 ,337812 
2024,19,1,385 ,1187 ,338999 
2024,19,1,384 ,1214 ,340213 
2024,19,1,383 ,1209 ,341422 
2024,19,1,382 ,1168 ,342590 
2024,19,1,381 ,1200 ,343790 
2024,19,1,380 ,1142 ,344932 
2024,19,1,379 ,1092 ,346024 
2024,19,1,378 ,1135 ,347159 
2024,19,1,377 ,1142 ,348301 
2024,19,1,376 ,1093 ,349394 
2024,19,1,375 ,1121 ,350515 
2024,19,1,374 ,1113 ,351628 
2024,19,1,373 ,1092 ,352720 
2024,19,1,372 ,1077 ,353797 
2024,19,1,371 ,1082 ,354879 
2024,19,1,370 ,1095 ,355974 
2024,19,1,369 ,1117 ,357091 
2024,19,1,368 ,1050 ,358141 
2024,19,1,367 ,1072 ,359213 
2024,19,1,366 ,1015 ,360228 
2024,19,1,365 ,1029 ,361257 
2024,19,1,364 ,1033 ,362290 
2024,19,1,363 ,1034 ,363324 
2024,19,1,362 ,975 ,364299 
2024,19,1,361 ,1092 ,365391 
2024,19,1,360 ,940 ,366331 
2024,19,1,359 ,994 ,367325 
2024,19,1,358 ,1013 ,368338 
2024,19,1,357 ,983 ,369321 
2024,19,1,356 ,974 ,370295 
2024,19,1,355 ,929 ,371224 
2024,19,1,354 ,975 ,372199 
2024,19,1,353 ,974 ,373173 
2024,19,1,352 ,943 ,374116 
2024,19,1,351 ,955 ,375071 
2024,19,1,350 ,886 ,375957 
2024,19,1,349 ,986 ,376943 
2024,19,1,348 ,895 ,377838 
2024,19,1,347 ,922 ,378760 
2024,19,1,346 ,865 ,379625 
2024,19,1,345 ,902 ,380527 
2024,19,1,344 ,874 ,381401 
2024,19,1,343 ,854 ,382255 
2024,19,1,342 ,830 ,383085 
2024,19,1,341 ,876 ,383961 
2024,19,1,340 ,839 ,384800 
2024,19,1,339 ,805 ,385605 
2024,19,1,338 ,866 ,386471 
2024,19,1,337 ,850 ,387321 
2024,19,1,336 ,882 ,388203 
2024,19,1,335 ,817 ,389020 
2024,19,1,334 ,865 ,389885 
2024,19,1,333 ,773 ,390658 
2024,19,1,332 ,793 ,391451 
2024,19,1,331 ,812 ,392263 
2024,19,1,330 ,815 ,393078 
2024,19,1,329 ,821 ,393899 
2024,19,1,328 ,781 ,394680 
2024,19,1,327 ,764 ,395444 
2024,19,1,326 ,790 ,396234 
2024,19,1,325 ,814 ,397048 
2024,19,1,324 ,754 ,397802 
2024,19,1,323 ,723 ,398525 
2024,19,1,322 ,769 ,399294 
2024,19,1,321 ,770 ,400064 
2024,19,1,320 ,760 ,400824 
2024,19,1,319 ,717 ,401541 
2024,19,1,318 ,717 ,402258 
2024,19,1,317 ,718 ,402976 
2024,19,1,316 ,733 ,403709 
2024,19,1,315 ,691 ,404400 
2024,19,1,314 ,668 ,405068 
2024,19,1,313 ,677 ,405745 
2024,19,1,312 ,664 ,406409 
2024,19,1,311 ,706 ,407115 
2024,19,1,310 ,656 ,407771 
2024,19,1,309 ,662 ,408433 
2024,19,1,308 ,683 ,409116 
2024,19,1,307 ,691 ,409807 
2024,19,1,306 ,643 ,410450 
2024,19,1,305 ,644 ,411094 
2024,19,1,304 ,640 ,411734 
2024,19,1,303 ,673 ,412407 
2024,19,1,302 ,660 ,413067 
2024,19,1,301 ,594 ,413661 
2024,19,1,300 ,607 ,414268 
