year,province_id,subject_category_id,score,count_at_score,cumulative_count
2024,23,1,686,26,26
2024,23,1,685,3,29
2024,23,1,684,5,34
2024,23,1,683,7,41
2024,23,1,682,10,51
2024,23,1,681,6,57
2024,23,1,680,7,64
2024,23,1,679,9,73
2024,23,1,678,11,84
2024,23,1,677,11,95
2024,23,1,676,9,104
2024,23,1,675,12,116
2024,23,1,674,15,131
2024,23,1,673,9,140
2024,23,1,672,22,162
2024,23,1,671,16,178
2024,23,1,670,20,198
2024,23,1,669,16,214
2024,23,1,668,20,234
2024,23,1,667,13,247
2024,23,1,666,22,269
2024,23,1,665,21,290
2024,23,1,664,23,313
2024,23,1,663,32,345
2024,23,1,662,21,366
2024,23,1,661,31,397
2024,23,1,660,38,435
2024,23,1,659,38,473
2024,23,1,658,34,507
2024,23,1,657,28,535
2024,23,1,656,33,568
2024,23,1,655,41,609
2024,23,1,654,50,659
2024,23,1,653,52,711
2024,23,1,652,48,759
2024,23,1,651,42,801
2024,23,1,650,62,863
2024,23,1,649,44,907
2024,23,1,648,49,956
2024,23,1,647,56,1012
2024,23,1,646,56,1068
2024,23,1,645,79,1147
2024,23,1,644,50,1197
2024,23,1,643,60,1257
2024,23,1,642,67,1324
2024,23,1,641,69,1393
2024,23,1,640,62,1455
2024,23,1,639,68,1523
2024,23,1,638,83,1606
2024,23,1,637,88,1694
2024,23,1,636,99,1793
2024,23,1,635,107,1900
2024,23,1,634,83,1983
2024,23,1,633,99,2082
2024,23,1,632,110,2192
2024,23,1,631,99,2291
2024,23,1,630,101,2392
2024,23,1,629,113,2505
2024,23,1,628,118,2623
2024,23,1,627,121,2744
2024,23,1,626,117,2861
2024,23,1,625,119,2980
2024,23,1,624,116,3096
2024,23,1,623,138,3234
2024,23,1,622,146,3380
2024,23,1,621,146,3526
2024,23,1,620,152,3678
2024,23,1,619,151,3829
2024,23,1,618,142,3971
2024,23,1,617,159,4130
2024,23,1,616,159,4289
2024,23,1,615,159,4448
2024,23,1,614,171,4619
2024,23,1,613,202,4821
2024,23,1,612,160,4981
2024,23,1,611,185,5166
2024,23,1,610,191,5357
2024,23,1,609,203,5560
2024,23,1,608,211,5771
2024,23,1,607,190,5961
2024,23,1,606,224,6185
2024,23,1,605,218,6403
2024,23,1,604,202,6605
2024,23,1,603,228,6833
2024,23,1,602,245,7078
2024,23,1,601,238,7316
2024,23,1,600,238,7554
2024,23,1,599,228,7782
2024,23,1,598,239,8021
2024,23,1,597,247,8268
2024,23,1,596,242,8510
2024,23,1,595,273,8783
2024,23,1,594,260,9043
2024,23,1,593,263,9306
2024,23,1,592,263,9569
2024,23,1,591,295,9864
2024,23,1,590,286,10150
2024,23,1,589,278,10428
2024,23,1,588,300,10728
2024,23,1,587,305,11033
2024,23,1,586,317,11350
2024,23,1,585,347,11697
2024,23,1,584,306,12003
2024,23,1,583,306,12309
2024,23,1,582,326,12635
2024,23,1,581,334,12969
2024,23,1,580,325,13294
2024,23,1,579,385,13679
2024,23,1,578,368,14047
2024,23,1,577,347,14394
2024,23,1,576,354,14748
2024,23,1,575,379,15127
2024,23,1,574,396,15523
2024,23,1,573,348,15871
2024,23,1,572,365,16236
2024,23,1,571,378,16614
2024,23,1,570,422,17036
2024,23,1,569,407,17443
2024,23,1,568,394,17837
2024,23,1,567,406,18243
2024,23,1,566,427,18670
2024,23,1,565,461,19131
2024,23,1,564,401,19532
2024,23,1,563,435,19967
2024,23,1,562,425,20392
2024,23,1,561,465,20857
2024,23,1,560,452,21309
2024,23,1,559,427,21736
2024,23,1,558,426,22162
2024,23,1,557,451,22613
2024,23,1,556,482,23095
2024,23,1,555,501,23596
2024,23,1,554,456,24052
2024,23,1,553,488,24540
2024,23,1,552,490,25030
2024,23,1,551,482,25512
2024,23,1,550,490,26002
2024,23,1,549,494,26496
2024,23,1,548,497,26993
2024,23,1,547,531,27524
2024,23,1,546,540,28064
2024,23,1,545,528,28592
2024,23,1,544,506,29098
2024,23,1,543,526,29624
2024,23,1,542,537,30161
2024,23,1,541,564,30725
2024,23,1,540,538,31263
2024,23,1,539,620,31883
2024,23,1,538,579,32462
2024,23,1,537,569,33031
2024,23,1,536,537,33568
2024,23,1,535,540,34108
2024,23,1,534,525,34633
2024,23,1,533,546,35179
2024,23,1,532,626,35805
2024,23,1,531,596,36401
2024,23,1,530,578,36979
2024,23,1,529,617,37596
2024,23,1,528,585,38181
2024,23,1,527,600,38781
2024,23,1,526,600,39381
2024,23,1,525,559,39940
2024,23,1,524,641,40581
2024,23,1,523,604,41185
2024,23,1,522,601,41786
2024,23,1,521,600,42386
2024,23,1,520,653,43039
2024,23,1,519,623,43662
2024,23,1,518,603,44265
2024,23,1,517,628,44893
2024,23,1,516,655,45548
2024,23,1,515,688,46236
2024,23,1,514,663,46899
2024,23,1,513,639,47538
2024,23,1,512,656,48194
2024,23,1,511,651,48845
2024,23,1,510,690,49535
2024,23,1,509,670,50205
2024,23,1,508,693,50898
2024,23,1,507,680,51578
2024,23,1,506,724,52302
2024,23,1,505,645,52947
2024,23,1,504,659,53606
2024,23,1,503,653,54259
2024,23,1,502,700,54959
2024,23,1,501,662,55621
2024,23,1,500,653,56274
2024,23,1,499,595,56869
2024,23,1,498,665,57534
2024,23,1,497,697,58231
2024,23,1,496,680,58911
2024,23,1,495,622,59533
2024,23,1,494,709,60242
2024,23,1,493,660,60902
2024,23,1,492,723,61625
2024,23,1,491,706,62331
2024,23,1,490,721,63052
2024,23,1,489,714,63766
2024,23,1,488,730,64496
2024,23,1,487,702,65198
2024,23,1,486,712,65910
2024,23,1,485,748,66658
2024,23,1,484,640,67298
2024,23,1,483,739,68037
2024,23,1,482,733,68770
2024,23,1,481,719,69489
2024,23,1,480,722,70211
2024,23,1,479,705,70916
2024,23,1,478,698,71614
2024,23,1,477,722,72336
2024,23,1,476,769,73105
2024,23,1,475,743,73848
2024,23,1,474,696,74544
2024,23,1,473,772,75316
2024,23,1,472,793,76109
2024,23,1,471,776,76885
2024,23,1,470,748,77633
2024,23,1,469,742,78375
2024,23,1,468,783,79158
2024,23,1,467,736,79894
2024,23,1,466,788,80682
2024,23,1,465,790,81472
2024,23,1,464,755,82227
2024,23,1,463,766,82993
2024,23,1,462,828,83821
2024,23,1,461,791,84612
2024,23,1,460,765,85377
2024,23,1,459,768,86145
2024,23,1,458,784,86929
2024,23,1,457,776,87705
2024,23,1,456,782,88487
2024,23,1,455,815,89302
2024,23,1,454,800,90102
2024,23,1,453,726,90828
2024,23,1,452,759,91587
2024,23,1,451,828,92415
2024,23,1,450,772,93187
2024,23,1,449,798,93985
2024,23,1,448,827,94812
2024,23,1,447,799,95611
2024,23,1,446,811,96422
2024,23,1,445,844,97266
2024,23,1,444,768,98034
2024,23,1,443,835,98869
2024,23,1,442,809,99678
2024,23,1,441,833,100511
2024,23,1,440,822,101333
2024,23,1,439,853,102186
2024,23,1,438,824,103010
2024,23,1,437,775,103785
2024,23,1,436,800,104585
2024,23,1,435,868,105453
2024,23,1,434,861,106314
2024,23,1,433,853,107167
2024,23,1,432,872,108039
2024,23,1,431,903,108942
2024,23,1,430,885,109827
2024,23,1,429,884,110711
2024,23,1,428,837,111548
2024,23,1,427,866,112414
2024,23,1,426,915,113329
2024,23,1,425,837,114166
2024,23,1,424,854,115020
2024,23,1,423,830,115850
2024,23,1,422,886,116736
2024,23,1,421,904,117640
2024,23,1,420,840,118480
2024,23,1,419,895,119375
2024,23,1,418,897,120272
2024,23,1,417,836,121108
2024,23,1,416,870,121978
2024,23,1,415,901,122879
2024,23,1,414,885,123764
2024,23,1,413,919,124683
2024,23,1,412,878,125561
2024,23,1,411,904,126465
2024,23,1,410,869,127334
2024,23,1,409,912,128246
2024,23,1,408,888,129134
2024,23,1,407,874,130008
2024,23,1,406,963,130971
2024,23,1,405,844,131815
2024,23,1,404,861,132676
2024,23,1,403,907,133583
2024,23,1,402,840,134423
2024,23,1,401,874,135297
2024,23,1,400,879,136176
2024,23,1,399,890,137066
2024,23,1,398,888,137954
2024,23,1,397,851,138805
2024,23,1,396,850,139655
2024,23,1,395,894,140549
2024,23,1,394,952,141501
2024,23,1,393,906,142407
2024,23,1,392,914,143321
2024,23,1,391,897,144218
2024,23,1,390,894,145112
2024,23,1,389,883,145995
2024,23,1,388,873,146868
2024,23,1,387,867,147735
2024,23,1,386,857,148592
2024,23,1,385,884,149476
2024,23,1,384,894,150370
2024,23,1,383,939,151309
2024,23,1,382,900,152209
2024,23,1,381,870,153079
2024,23,1,380,870,153949
2024,23,1,379,872,154821
2024,23,1,378,918,155739
2024,23,1,377,878,156617
2024,23,1,376,923,157540
2024,23,1,375,864,158404
2024,23,1,374,851,159255
2024,23,1,373,881,160136
2024,23,1,372,910,161046
2024,23,1,371,852,161898
2024,23,1,370,857,162755
2024,23,1,369,841,163596
2024,23,1,368,891,164487
2024,23,1,367,880,165367
2024,23,1,366,861,166228
2024,23,1,365,882,167110
2024,23,1,364,856,167966
2024,23,1,363,844,168810
2024,23,1,362,861,169671
2024,23,1,361,888,170559
2024,23,1,360,870,171429
2024,23,1,359,871,172300
2024,23,1,358,854,173154
2024,23,1,357,816,173970
2024,23,1,356,823,174793
2024,23,1,355,791,175584
2024,23,1,354,832,176416
2024,23,1,353,779,177195
2024,23,1,352,841,178036
2024,23,1,351,844,178880
2024,23,1,350,830,179710
2024,23,1,349,838,180548
2024,23,1,348,789,181337
2024,23,1,347,846,182183
2024,23,1,346,821,183004
2024,23,1,345,826,183830
2024,23,1,344,793,184623
2024,23,1,343,820,185443
2024,23,1,342,867,186310
2024,23,1,341,836,187146
2024,23,1,340,773,187919
2024,23,1,339,831,188750
2024,23,1,338,779,189529
2024,23,1,337,818,190347
2024,23,1,336,799,191146
2024,23,1,335,797,191943
2024,23,1,334,776,192719
2024,23,1,333,819,193538
2024,23,1,332,813,194351
2024,23,1,331,769,195120
2024,23,1,330,762,195882
2024,23,1,329,772,196654
2024,23,1,328,733,197387
2024,23,1,327,796,198183
2024,23,1,326,698,198881
2024,23,1,325,760,199641
2024,23,1,324,768,200409
2024,23,1,323,739,201148
2024,23,1,322,746,201894
2024,23,1,321,729,202623
2024,23,1,320,693,203316
2024,23,1,319,745,204061
2024,23,1,318,699,204760
2024,23,1,317,694,205454
2024,23,1,316,710,206164
2024,23,1,315,788,206952
2024,23,1,314,694,207646
2024,23,1,313,688,208334
2024,23,1,312,687,209021
2024,23,1,311,632,209653
2024,23,1,310,672,210325
2024,23,1,309,663,210988
2024,23,1,308,649,211637
2024,23,1,307,660,212297
2024,23,1,306,676,212973
2024,23,1,305,709,213682
2024,23,1,304,627,214309
2024,23,1,303,630,214939
2024,23,1,302,662,215601
2024,23,1,301,642,216243
2024,23,1,300,610,216853
