year,province_id,subject_category_id,score,count_at_score,cumulative_count
2024,24,2,670,21,21
2024,24,2,668,2,23
2024,24,2,667,3,26
2024,24,2,666,4,30
2024,24,2,665,6,36
2024,24,2,663,5,41
2024,24,2,662,2,43
2024,24,2,661,2,45
2024,24,2,660,2,47
2024,24,2,659,1,48
2024,24,2,658,9,57
2024,24,2,657,5,62
2024,24,2,656,2,64
2024,24,2,655,7,71
2024,24,2,654,7,78
2024,24,2,653,6,84
2024,24,2,652,3,87
2024,24,2,651,7,94
2024,24,2,650,3,97
2024,24,2,649,5,102
2024,24,2,648,10,112
2024,24,2,647,5,117
2024,24,2,646,7,124
2024,24,2,645,5,129
2024,24,2,644,9,138
2024,24,2,643,14,152
2024,24,2,642,14,166
2024,24,2,641,13,179
2024,24,2,640,14,193
2024,24,2,639,7,200
2024,24,2,638,13,213
2024,24,2,637,12,225
2024,24,2,636,15,240
2024,24,2,635,17,257
2024,24,2,634,9,266
2024,24,2,633,13,279
2024,24,2,632,20,299
2024,24,2,631,22,321
2024,24,2,630,20,341
2024,24,2,629,17,358
2024,24,2,628,23,381
2024,24,2,627,19,400
2024,24,2,626,21,421
2024,24,2,625,17,438
2024,24,2,624,27,465
2024,24,2,623,27,492
2024,24,2,622,28,520
2024,24,2,621,31,551
2024,24,2,620,31,582
2024,24,2,619,31,613
2024,24,2,618,28,641
2024,24,2,617,36,677
2024,24,2,616,30,707
2024,24,2,615,32,739
2024,24,2,614,24,763
2024,24,2,613,43,806
2024,24,2,612,39,845
2024,24,2,611,35,880
2024,24,2,610,49,929
2024,24,2,609,52,981
2024,24,2,608,52,1033
2024,24,2,607,45,1078
2024,24,2,606,52,1130
2024,24,2,605,34,1164
2024,24,2,604,51,1215
2024,24,2,603,36,1251
2024,24,2,602,54,1305
2024,24,2,601,46,1351
2024,24,2,600,53,1404
2024,24,2,599,51,1455
2024,24,2,598,51,1506
2024,24,2,597,40,1546
2024,24,2,596,61,1607
2024,24,2,595,66,1673
2024,24,2,594,54,1727
2024,24,2,593,66,1793
2024,24,2,592,74,1867
2024,24,2,591,74,1941
2024,24,2,590,70,2011
2024,24,2,589,59,2070
2024,24,2,588,68,2138
2024,24,2,587,73,2211
2024,24,2,586,87,2298
2024,24,2,585,90,2388
2024,24,2,584,76,2464
2024,24,2,583,91,2555
2024,24,2,582,96,2651
2024,24,2,581,77,2728
2024,24,2,580,76,2804
2024,24,2,579,97,2901
2024,24,2,578,95,2996
2024,24,2,577,85,3081
2024,24,2,576,94,3175
2024,24,2,575,101,3276
2024,24,2,574,89,3365
2024,24,2,573,93,3458
2024,24,2,572,125,3583
2024,24,2,571,95,3678
2024,24,2,570,109,3787
2024,24,2,569,96,3883
2024,24,2,568,122,4005
2024,24,2,567,113,4118
2024,24,2,566,118,4236
2024,24,2,565,100,4336
2024,24,2,564,125,4461
2024,24,2,563,130,4591
2024,24,2,562,138,4729
2024,24,2,561,130,4859
2024,24,2,560,139,4998
2024,24,2,559,122,5120
2024,24,2,558,133,5253
2024,24,2,557,155,5408
2024,24,2,556,135,5543
2024,24,2,555,141,5684
2024,24,2,554,150,5834
2024,24,2,553,111,5945
2024,24,2,552,161,6106
2024,24,2,551,151,6257
2024,24,2,550,163,6420
2024,24,2,549,145,6565
2024,24,2,548,151,6716
2024,24,2,547,165,6881
2024,24,2,546,142,7023
2024,24,2,545,164,7187
2024,24,2,544,180,7367
2024,24,2,543,147,7514
2024,24,2,542,152,7666
2024,24,2,541,191,7857
2024,24,2,540,180,8037
2024,24,2,539,162,8199
2024,24,2,538,161,8360
2024,24,2,537,176,8536
2024,24,2,536,163,8699
2024,24,2,535,191,8890
2024,24,2,534,180,9070
2024,24,2,533,213,9283
2024,24,2,532,192,9475
2024,24,2,531,211,9686
2024,24,2,530,196,9882
2024,24,2,529,203,10085
2024,24,2,528,197,10282
2024,24,2,527,204,10486
2024,24,2,526,176,10662
2024,24,2,525,168,10830
2024,24,2,524,185,11015
2024,24,2,523,194,11209
2024,24,2,522,202,11411
2024,24,2,521,203,11614
2024,24,2,520,228,11842
2024,24,2,519,208,12050
2024,24,2,518,194,12244
2024,24,2,517,204,12448
2024,24,2,516,199,12647
2024,24,2,515,212,12859
2024,24,2,514,214,13073
2024,24,2,513,235,13308
2024,24,2,512,210,13518
2024,24,2,511,233,13751
2024,24,2,510,242,13993
2024,24,2,509,232,14225
2024,24,2,508,206,14431
2024,24,2,507,237,14668
2024,24,2,506,225,14893
2024,24,2,505,224,15117
2024,24,2,504,236,15353
2024,24,2,503,273,15626
2024,24,2,502,236,15862
2024,24,2,501,254,16116
2024,24,2,500,242,16358
2024,24,2,499,260,16618
2024,24,2,498,263,16881
2024,24,2,497,214,17095
2024,24,2,496,240,17335
2024,24,2,495,252,17587
2024,24,2,494,266,17853
2024,24,2,493,297,18150
2024,24,2,492,245,18395
2024,24,2,491,267,18662
2024,24,2,490,287,18949
2024,24,2,489,268,19217
2024,24,2,488,274,19491
2024,24,2,487,264,19755
2024,24,2,486,271,20026
2024,24,2,485,264,20290
2024,24,2,484,279,20569
2024,24,2,483,266,20835
2024,24,2,482,273,21108
2024,24,2,481,289,21397
2024,24,2,480,311,21708
2024,24,2,479,285,21993
2024,24,2,478,304,22297
2024,24,2,477,281,22578
2024,24,2,476,287,22865
2024,24,2,475,287,23152
2024,24,2,474,295,23447
2024,24,2,473,315,23762
2024,24,2,472,315,24077
2024,24,2,471,306,24383
2024,24,2,470,329,24712
2024,24,2,469,316,25028
2024,24,2,468,340,25368
2024,24,2,467,321,25689
2024,24,2,466,306,25995
2024,24,2,465,295,26290
2024,24,2,464,321,26611
2024,24,2,463,309,26920
2024,24,2,462,311,27231
2024,24,2,461,343,27574
2024,24,2,460,356,27930
2024,24,2,459,367,28297
2024,24,2,458,342,28639
2024,24,2,457,358,28997
2024,24,2,456,345,29342
2024,24,2,455,333,29675
2024,24,2,454,367,30042
2024,24,2,453,373,30415
2024,24,2,452,326,30741
2024,24,2,451,368,31109
2024,24,2,450,348,31457
2024,24,2,449,348,31805
2024,24,2,448,374,32179
2024,24,2,447,380,32559
2024,24,2,446,369,32928
2024,24,2,445,360,33288
2024,24,2,444,417,33705
2024,24,2,443,401,34106
2024,24,2,442,366,34472
2024,24,2,441,348,34820
2024,24,2,440,358,35178
2024,24,2,439,345,35523
2024,24,2,438,403,35926
2024,24,2,437,415,36341
2024,24,2,436,367,36708
2024,24,2,435,390,37098
2024,24,2,434,413,37511
2024,24,2,433,415,37926
2024,24,2,432,392,38318
2024,24,2,431,371,38689
2024,24,2,430,404,39093
2024,24,2,429,426,39519
2024,24,2,428,372,39891
2024,24,2,427,398,40289
2024,24,2,426,433,40722
2024,24,2,425,432,41154
2024,24,2,424,422,41576
2024,24,2,423,420,41996
2024,24,2,422,464,42460
2024,24,2,421,475,42935
2024,24,2,420,420,43355
2024,24,2,419,439,43794
2024,24,2,418,455,44249
2024,24,2,417,490,44739
2024,24,2,416,460,45199
2024,24,2,415,449,45648
2024,24,2,414,421,46069
2024,24,2,413,451,46520
2024,24,2,412,463,46983
2024,24,2,411,466,47449
2024,24,2,410,471,47920
2024,24,2,409,459,48379
2024,24,2,408,459,48838
2024,24,2,407,503,49341
2024,24,2,406,464,49805
2024,24,2,405,465,50270
2024,24,2,404,498,50768
2024,24,2,403,504,51272
2024,24,2,402,475,51747
2024,24,2,401,458,52205
2024,24,2,400,501,52706
2024,24,2,399,512,53218
2024,24,2,398,525,53743
2024,24,2,397,528,54271
2024,24,2,396,501,54772
2024,24,2,395,499,55271
2024,24,2,394,509,55780
2024,24,2,393,528,56308
2024,24,2,392,498,56806
2024,24,2,391,536,57342
2024,24,2,390,523,57865
2024,24,2,389,548,58413
2024,24,2,388,518,58931
2024,24,2,387,501,59432
2024,24,2,386,536,59968
2024,24,2,385,517,60485
2024,24,2,384,546,61031
2024,24,2,383,523,61554
2024,24,2,382,531,62085
2024,24,2,381,560,62645
2024,24,2,380,557,63202
2024,24,2,379,496,63698
2024,24,2,378,565,64263
2024,24,2,377,536,64799
2024,24,2,376,582,65381
2024,24,2,375,552,65933
2024,24,2,374,583,66516
2024,24,2,373,585,67101
2024,24,2,372,558,67659
2024,24,2,371,537,68196
2024,24,2,370,546,68742
2024,24,2,369,553,69295
2024,24,2,368,552,69847
2024,24,2,367,572,70419
2024,24,2,366,561,70980
2024,24,2,365,606,71586
2024,24,2,364,576,72162
2024,24,2,363,563,72725
2024,24,2,362,578,73303
2024,24,2,361,602,73905
2024,24,2,360,554,74459
2024,24,2,359,573,75032
2024,24,2,358,568,75600
2024,24,2,357,572,76172
2024,24,2,356,547,76719
2024,24,2,355,579,77298
2024,24,2,354,556,77854
2024,24,2,353,591,78445
2024,24,2,352,632,79077
2024,24,2,351,614,79691
2024,24,2,350,580,80271
2024,24,2,349,561,80832
2024,24,2,348,621,81453
2024,24,2,347,575,82028
2024,24,2,346,563,82591
2024,24,2,345,608,83199
2024,24,2,344,545,83744
2024,24,2,343,585,84329
2024,24,2,342,592,84921
2024,24,2,341,531,85452
2024,24,2,340,552,86004
2024,24,2,339,579,86583
2024,24,2,338,560,87143
2024,24,2,337,548,87691
2024,24,2,336,568,88259
2024,24,2,335,542,88801
2024,24,2,334,523,89324
2024,24,2,333,534,89858
2024,24,2,332,531,90389
2024,24,2,331,560,90949
2024,24,2,330,503,91452
2024,24,2,329,554,92006
2024,24,2,328,542,92548
2024,24,2,327,567,93115
2024,24,2,326,559,93674
2024,24,2,325,503,94177
2024,24,2,324,554,94731
2024,24,2,323,512,95243
2024,24,2,322,512,95755
2024,24,2,321,525,96280
2024,24,2,320,533,96813
2024,24,2,319,523,97336
2024,24,2,318,475,97811
2024,24,2,317,529,98340
2024,24,2,316,458,98798
2024,24,2,315,513,99311
2024,24,2,314,452,99763
2024,24,2,313,487,100250
2024,24,2,312,455,100705
2024,24,2,311,432,101137
2024,24,2,310,491,101628
2024,24,2,309,433,102061
2024,24,2,308,473,102534
2024,24,2,307,474,103008
2024,24,2,306,440,103448
2024,24,2,305,451,103899
2024,24,2,304,453,104352
2024,24,2,303,429,104781
2024,24,2,302,424,105205
2024,24,2,301,406,105611
2024,24,2,300,477,106088
