year,province_id,subject_category_id,score,count_at_score,cumulative_count
2024,29,4,652,3,3
2024,29,4,651,3,6
2024,29,4,650,9,15
2024,29,4,649,8,23
2024,29,4,648,7,30
2024,29,4,647,5,35
2024,29,4,646,4,39
2024,29,4,645,19,58
2024,29,4,644,5,63
2024,29,4,643,8,71
2024,29,4,642,4,75
2024,29,4,641,3,78
2024,29,4,640,6,84
2024,29,4,639,4,88
2024,29,4,638,7,95
2024,29,4,637,8,103
2024,29,4,636,2,105
2024,29,4,635,6,111
2024,29,4,634,3,114
2024,29,4,633,6,120
2024,29,4,632,4,124
2024,29,4,631,4,128
2024,29,4,630,7,135
2024,29,4,629,4,139
2024,29,4,628,6,145
2024,29,4,627,12,157
2024,29,4,626,8,165
2024,29,4,625,10,175
2024,29,4,624,20,195
2024,29,4,623,10,205
2024,29,4,622,9,214
2024,29,4,621,9,223
2024,29,4,620,10,233
2024,29,4,619,8,241
2024,29,4,618,11,252
2024,29,4,617,10,262
2024,29,4,616,15,277
2024,29,4,615,20,297
2024,29,4,614,14,311
2024,29,4,613,16,327
2024,29,4,612,22,349
2024,29,4,611,14,363
2024,29,4,610,6,369
2024,29,4,609,8,377
2024,29,4,608,20,397
2024,29,4,607,18,415
2024,29,4,606,34,449
2024,29,4,605,17,466
2024,29,4,604,21,487
2024,29,4,603,14,501
2024,29,4,602,22,523
2024,29,4,601,14,537
2024,29,4,600,23,560
2024,29,4,599,11,571
2024,29,4,598,28,599
2024,29,4,597,24,623
2024,29,4,596,9,632
2024,29,4,595,11,643
2024,29,4,594,16,659
2024,29,4,593,18,677
2024,29,4,592,23,700
2024,29,4,591,29,729
2024,29,4,590,25,754
2024,29,4,589,28,782
2024,29,4,588,32,814
2024,29,4,587,18,832
2024,29,4,586,33,865
2024,29,4,585,33,898
2024,29,4,584,31,929
2024,29,4,583,27,956
2024,29,4,582,5,961
2024,29,4,581,42,1003
2024,29,4,580,22,1025
2024,29,4,579,40,1065
2024,29,4,578,24,1089
2024,29,4,577,39,1128
2024,29,4,576,6,1134
2024,29,4,575,41,1175
2024,29,4,574,46,1221
2024,29,4,573,16,1237
2024,29,4,572,40,1277
2024,29,4,571,36,1313
2024,29,4,570,20,1333
2024,29,4,569,65,1398
2024,29,4,568,21,1419
2024,29,4,567,45,1464
2024,29,4,566,22,1486
2024,29,4,565,35,1521
2024,29,4,564,31,1552
2024,29,4,563,39,1591
2024,29,4,562,39,1630
2024,29,4,561,34,1664
2024,29,4,560,17,1681
2024,29,4,559,68,1749
2024,29,4,558,43,1792
2024,29,4,557,38,1830
2024,29,4,556,39,1869
2024,29,4,555,46,1915
2024,29,4,554,62,1977
2024,29,4,553,38,2015
2024,29,4,552,30,2045
2024,29,4,551,56,2101
2024,29,4,550,66,2167
2024,29,4,549,36,2203
2024,29,4,548,43,2246
2024,29,4,547,43,2289
2024,29,4,546,43,2332
2024,29,4,545,45,2377
2024,29,4,544,51,2428
2024,29,4,543,37,2465
2024,29,4,542,55,2520
2024,29,4,541,21,2541
2024,29,4,540,61,2602
2024,29,4,539,60,2662
2024,29,4,538,55,2717
2024,29,4,537,58,2775
2024,29,4,536,50,2825
2024,29,4,535,61,2886
2024,29,4,534,31,2917
2024,29,4,533,52,2969
2024,29,4,532,83,3052
2024,29,4,531,39,3091
2024,29,4,530,58,3149
2024,29,4,529,58,3207
2024,29,4,528,60,3267
2024,29,4,527,63,3330
2024,29,4,526,54,3384
2024,29,4,525,47,3431
2024,29,4,524,49,3480
2024,29,4,523,88,3568
2024,29,4,522,46,3614
2024,29,4,521,64,3678
2024,29,4,520,72,3750
2024,29,4,519,59,3809
2024,29,4,518,70,3879
2024,29,4,517,59,3938
2024,29,4,516,67,4005
2024,29,4,515,70,4075
2024,29,4,514,39,4114
2024,29,4,513,66,4180
2024,29,4,512,81,4261
2024,29,4,511,71,4332
2024,29,4,510,73,4405
2024,29,4,509,71,4476
2024,29,4,508,75,4551
2024,29,4,507,59,4610
2024,29,4,506,59,4669
2024,29,4,505,65,4734
2024,29,4,504,90,4824
2024,29,4,503,81,4905
2024,29,4,502,44,4949
2024,29,4,501,95,5044
2024,29,4,500,84,5128
2024,29,4,499,85,5213
2024,29,4,498,85,5298
2024,29,4,497,61,5359
2024,29,4,496,70,5429
2024,29,4,495,87,5516
2024,29,4,494,87,5603
2024,29,4,493,60,5663
2024,29,4,492,95,5758
2024,29,4,491,79,5837
2024,29,4,490,89,5926
2024,29,4,489,89,6015
2024,29,4,488,84,6099
2024,29,4,487,86,6185
2024,29,4,486,37,6222
2024,29,4,485,114,6336
2024,29,4,484,60,6396
2024,29,4,483,111,6507
2024,29,4,482,79,6586
2024,29,4,481,115,6701
2024,29,4,480,77,6778
2024,29,4,479,118,6896
2024,29,4,478,57,6953
2024,29,4,477,102,7055
2024,29,4,476,109,7164
2024,29,4,475,110,7274
2024,29,4,474,91,7365
2024,29,4,473,68,7433
2024,29,4,472,95,7528
2024,29,4,471,82,7610
2024,29,4,470,102,7712
2024,29,4,469,69,7781
2024,29,4,468,138,7919
2024,29,4,467,96,8015
2024,29,4,466,84,8099
2024,29,4,465,128,8227
2024,29,4,464,91,8318
2024,29,4,463,102,8420
2024,29,4,462,64,8484
2024,29,4,461,98,8582
2024,29,4,460,123,8705
2024,29,4,459,109,8814
2024,29,4,458,85,8899
2024,29,4,457,122,9021
2024,29,4,456,111,9132
2024,29,4,455,98,9230
2024,29,4,454,117,9347
2024,29,4,453,115,9462
2024,29,4,452,110,9572
2024,29,4,451,53,9625
2024,29,4,450,139,9764
2024,29,4,449,100,9864
2024,29,4,448,127,9991
2024,29,4,447,132,10123
2024,29,4,446,116,10239
2024,29,4,445,126,10365
2024,29,4,444,116,10481
2024,29,4,443,124,10605
2024,29,4,442,114,10719
2024,29,4,441,104,10823
2024,29,4,440,136,10959
2024,29,4,439,125,11084
2024,29,4,438,108,11192
2024,29,4,437,132,11324
2024,29,4,436,137,11461
2024,29,4,435,129,11590
2024,29,4,434,114,11704
2024,29,4,433,115,11819
2024,29,4,432,138,11957
2024,29,4,431,149,12106
2024,29,4,430,107,12213
2024,29,4,429,101,12314
2024,29,4,428,166,12480
2024,29,4,427,140,12620
2024,29,4,426,130,12750
2024,29,4,425,109,12859
2024,29,4,424,176,13035
2024,29,4,423,107,13142
2024,29,4,422,168,13310
2024,29,4,421,143,13453
2024,29,4,420,124,13577
2024,29,4,419,172,13749
2024,29,4,418,121,13870
2024,29,4,417,166,14036
2024,29,4,416,129,14165
2024,29,4,415,116,14281
2024,29,4,414,127,14408
2024,29,4,413,94,14502
2024,29,4,412,215,14717
2024,29,4,411,78,14795
2024,29,4,410,272,15067
2024,29,4,409,67,15134
2024,29,4,408,181,15315
2024,29,4,407,117,15432
2024,29,4,406,163,15595
2024,29,4,405,164,15759
2024,29,4,404,142,15901
2024,29,4,403,167,16068
2024,29,4,402,166,16234
2024,29,4,401,154,16388
2024,29,4,400,169,16557
2024,29,4,399,146,16703
2024,29,4,398,165,16868
2024,29,4,397,121,16989
2024,29,4,396,136,17125
2024,29,4,395,195,17320
2024,29,4,394,60,17380
2024,29,4,393,251,17631
2024,29,4,392,97,17728
2024,29,4,391,189,17917
2024,29,4,390,117,18034
2024,29,4,389,170,18204
2024,29,4,388,198,18402
2024,29,4,387,157,18559
2024,29,4,386,166,18725
2024,29,4,385,132,18857
2024,29,4,384,217,19074
2024,29,4,383,168,19242
2024,29,4,382,166,19408
2024,29,4,381,194,19602
2024,29,4,380,157,19759
2024,29,4,379,174,19933
2024,29,4,378,141,20074
2024,29,4,377,203,20277
2024,29,4,376,223,20500
2024,29,4,375,163,20663
2024,29,4,374,166,20829
2024,29,4,373,193,21022
2024,29,4,372,128,21150
2024,29,4,371,205,21355
2024,29,4,370,185,21540
2024,29,4,369,177,21717
2024,29,4,368,194,21911
2024,29,4,367,147,22058
2024,29,4,366,163,22221
2024,29,4,365,187,22408
2024,29,4,364,175,22583
2024,29,4,363,194,22777
2024,29,4,362,177,22954
2024,29,4,361,186,23140
2024,29,4,360,212,23352
2024,29,4,359,127,23479
2024,29,4,358,230,23709
2024,29,4,357,182,23891
2024,29,4,356,113,24004
2024,29,4,355,269,24273
2024,29,4,354,148,24421
2024,29,4,353,224,24645
2024,29,4,352,155,24800
2024,29,4,351,191,24991
2024,29,4,350,209,25200
2024,29,4,349,177,25377
2024,29,4,348,175,25552
2024,29,4,347,214,25766
2024,29,4,346,194,25960
2024,29,4,345,209,26169
2024,29,4,344,180,26349
2024,29,4,343,204,26553
2024,29,4,342,196,26749
2024,29,4,341,251,27000
2024,29,4,340,119,27119
2024,29,4,339,234,27353
2024,29,4,338,184,27537
2024,29,4,337,227,27764
2024,29,4,336,190,27954
2024,29,4,335,151,28105
2024,29,4,334,244,28349
2024,29,4,333,184,28533
2024,29,4,332,177,28710
2024,29,4,331,195,28905
2024,29,4,330,236,29141
2024,29,4,329,137,29278
2024,29,4,328,254,29532
2024,29,4,327,182,29714
2024,29,4,326,222,29936
2024,29,4,325,134,30070
2024,29,4,324,247,30317
2024,29,4,323,201,30518
2024,29,4,322,206,30724
2024,29,4,321,203,30927
2024,29,4,320,96,31023
2024,29,4,319,300,31323
2024,29,4,318,196,31519
2024,29,4,317,187,31706
2024,29,4,316,174,31880
2024,29,4,315,233,32113
2024,29,4,314,207,32320
2024,29,4,313,216,32536
2024,29,4,312,183,32719
2024,29,4,311,164,32883
2024,29,4,310,232,33115
2024,29,4,309,210,33325
2024,29,4,308,195,33520
2024,29,4,307,166,33686
2024,29,4,306,190,33876
2024,29,4,305,174,34050
2024,29,4,304,189,34239
2024,29,4,303,172,34411
2024,29,4,302,203,34614
2024,29,4,301,186,34800
2024,29,4,300,230,35030
