year,province_id,subject_category_id,score,count_at_score,cumulative_count
2024,1,2,671,12,12
2024,1,2,670,0,12
2024,1,2,669,0,12
2024,1,2,668,1,13
2024,1,2,667,2,15
2024,1,2,666,2,17
2024,1,2,665,1,18
2024,1,2,664,1,19
2024,1,2,663,3,22
2024,1,2,662,3,25
2024,1,2,661,3,28
2024,1,2,660,0,28
2024,1,2,659,5,33
2024,1,2,658,3,36
2024,1,2,657,5,41
2024,1,2,656,3,44
2024,1,2,655,5,49
2024,1,2,654,10,59
2024,1,2,653,9,68
2024,1,2,652,8,76
2024,1,2,651,7,83
2024,1,2,650,8,91
2024,1,2,649,5,96
2024,1,2,648,5,101
2024,1,2,647,11,112
2024,1,2,646,9,121
2024,1,2,645,9,130
2024,1,2,644,12,142
2024,1,2,643,9,151
2024,1,2,642,19,170
2024,1,2,641,18,188
2024,1,2,640,20,208
2024,1,2,639,13,221
2024,1,2,638,12,233
2024,1,2,637,13,246
2024,1,2,636,14,260
2024,1,2,635,25,285
2024,1,2,634,17,302
2024,1,2,633,19,321
2024,1,2,632,19,340
2024,1,2,631,20,360
2024,1,2,630,28,388
2024,1,2,629,22,410
2024,1,2,628,18,428
2024,1,2,627,27,455
2024,1,2,626,27,482
2024,1,2,625,18,500
2024,1,2,624,39,539
2024,1,2,623,32,571
2024,1,2,622,43,614
2024,1,2,621,38,652
2024,1,2,620,38,690
2024,1,2,619,52,742
2024,1,2,618,46,788
2024,1,2,617,51,839
2024,1,2,616,48,887
2024,1,2,615,29,916
2024,1,2,614,58,974
2024,1,2,613,64,1038
2024,1,2,612,70,1108
2024,1,2,611,55,1163
2024,1,2,610,64,1227
2024,1,2,609,65,1292
2024,1,2,608,59,1351
2024,1,2,607,65,1416
2024,1,2,606,80,1496
2024,1,2,605,74,1570
2024,1,2,604,91,1661
2024,1,2,603,62,1723
2024,1,2,602,79,1802
2024,1,2,601,100,1902
2024,1,2,600,83,1985
2024,1,2,599,98,2083
2024,1,2,598,105,2188
2024,1,2,597,100,2288
2024,1,2,596,105,2393
2024,1,2,595,110,2503
2024,1,2,594,117,2620
2024,1,2,593,108,2728
2024,1,2,592,127,2855
2024,1,2,591,135,2990
2024,1,2,590,122,3112
2024,1,2,589,129,3241
2024,1,2,588,137,3378
2024,1,2,587,136,3514
2024,1,2,586,137,3651
2024,1,2,585,157,3808
2024,1,2,584,196,4004
2024,1,2,583,192,4196
2024,1,2,582,160,4356
2024,1,2,581,170,4526
2024,1,2,580,183,4709
2024,1,2,579,160,4869
2024,1,2,578,199,5068
2024,1,2,577,197,5265
2024,1,2,576,203,5468
2024,1,2,575,208,5676
2024,1,2,574,203,5879
2024,1,2,573,209,6088
2024,1,2,572,196,6284
2024,1,2,571,231,6515
2024,1,2,570,252,6767
2024,1,2,569,235,7002
2024,1,2,568,215,7217
2024,1,2,567,252,7469
2024,1,2,566,249,7718
2024,1,2,565,222,7940
2024,1,2,564,253,8193
2024,1,2,563,304,8497
2024,1,2,562,314,8811
2024,1,2,561,269,9080
2024,1,2,560,315,9395
2024,1,2,559,292,9687
2024,1,2,558,325,10012
2024,1,2,557,280,10292
2024,1,2,556,327,10619
2024,1,2,555,304,10923
2024,1,2,554,343,11266
2024,1,2,553,344,11610
2024,1,2,552,391,12001
2024,1,2,551,325,12326
2024,1,2,550,373,12699
2024,1,2,549,357,13056
2024,1,2,548,369,13425
2024,1,2,547,380,13805
2024,1,2,546,348,14153
2024,1,2,545,378,14531
2024,1,2,544,403,14934
2024,1,2,543,398,15332
2024,1,2,542,388,15720
2024,1,2,541,428,16148
2024,1,2,540,425,16573
2024,1,2,539,438,17011
2024,1,2,538,437,17448
2024,1,2,537,436,17884
2024,1,2,536,405,18289
2024,1,2,535,447,18736
2024,1,2,534,461,19197
2024,1,2,533,478,19675
2024,1,2,532,475,20150
2024,1,2,531,463,20613
2024,1,2,530,438,21051
2024,1,2,529,502,21553
2024,1,2,528,515,22068
2024,1,2,527,493,22561
2024,1,2,526,496,23057
2024,1,2,525,491,23548
2024,1,2,524,534,24082
2024,1,2,523,566,24648
2024,1,2,522,533,25181
2024,1,2,521,507,25688
2024,1,2,520,549,26237
2024,1,2,519,506,26743
2024,1,2,518,530,27273
2024,1,2,517,597,27870
2024,1,2,516,573,28443
2024,1,2,515,570,29013
2024,1,2,514,590,29603
2024,1,2,513,557,30160
2024,1,2,512,566,30726
2024,1,2,511,606,31332
2024,1,2,510,604,31936
2024,1,2,509,615,32551
2024,1,2,508,632,33183
2024,1,2,507,604,33787
2024,1,2,506,661,34448
2024,1,2,505,659,35107
2024,1,2,504,636,35743
2024,1,2,503,618,36361
2024,1,2,502,657,37018
2024,1,2,501,656,37674
2024,1,2,500,691,38365
2024,1,2,499,633,38998
2024,1,2,498,682,39680
2024,1,2,497,687,40367
2024,1,2,496,680,41047
2024,1,2,495,655,41702
2024,1,2,494,657,42359
2024,1,2,493,689,43048
2024,1,2,492,685,43733
2024,1,2,491,692,44425
2024,1,2,490,759,45184
2024,1,2,489,740,45924
2024,1,2,488,724,46648
2024,1,2,487,746,47394
2024,1,2,486,759,48153
2024,1,2,485,708,48861
2024,1,2,484,725,49586
2024,1,2,483,729,50315
2024,1,2,482,724,51039
2024,1,2,481,792,51831
2024,1,2,480,767,52598
2024,1,2,479,731,53329
2024,1,2,478,765,54094
2024,1,2,477,821,54915
2024,1,2,476,768,55683
2024,1,2,475,819,56502
2024,1,2,474,811,57313
2024,1,2,473,761,58074
2024,1,2,472,840,58914
2024,1,2,471,815,59729
2024,1,2,470,796,60525
2024,1,2,469,856,61381
2024,1,2,468,813,62194
2024,1,2,467,822,63016
2024,1,2,466,823,63839
2024,1,2,465,869,64708
2024,1,2,464,823,65531
2024,1,2,463,858,66389
2024,1,2,462,823,67212
2024,1,2,461,883,68095
2024,1,2,460,810,68905
2024,1,2,459,833,69738
2024,1,2,458,856,70594
2024,1,2,457,866,71460
2024,1,2,456,870,72330
2024,1,2,455,858,73188
2024,1,2,454,851,74039
2024,1,2,453,841,74880
2024,1,2,452,869,75749
2024,1,2,451,906,76655
2024,1,2,450,807,77462
2024,1,2,449,855,78317
2024,1,2,448,914,79231
2024,1,2,447,887,80118
2024,1,2,446,827,80945
2024,1,2,445,856,81801
2024,1,2,444,883,82684
2024,1,2,443,893,83577
2024,1,2,442,899,84476
2024,1,2,441,946,85422
2024,1,2,440,947,86369
2024,1,2,439,910,87279
2024,1,2,438,892,88171
2024,1,2,437,915,89086
2024,1,2,436,898,89984
2024,1,2,435,966,90950
2024,1,2,434,985,91935
2024,1,2,433,909,92844
2024,1,2,432,939,93783
2024,1,2,431,973,94756
2024,1,2,430,960,95716
2024,1,2,429,986,96702
2024,1,2,428,930,97632
2024,1,2,427,904,98536
2024,1,2,426,966,99502
2024,1,2,425,978,100480
2024,1,2,424,963,101443
2024,1,2,423,918,102361
2024,1,2,422,918,103279
2024,1,2,421,935,104214
2024,1,2,420,958,105172
2024,1,2,419,965,106137
2024,1,2,418,1008,107145
2024,1,2,417,995,108140
2024,1,2,416,960,109100
2024,1,2,415,964,110064
2024,1,2,414,968,111032
2024,1,2,413,986,112018
2024,1,2,412,992,113010
2024,1,2,411,981,113991
2024,1,2,410,1071,115062
2024,1,2,409,1011,116073
2024,1,2,408,988,117061
2024,1,2,407,1019,118080
2024,1,2,406,1050,119130
2024,1,2,405,1041,120171
2024,1,2,404,1050,121221
2024,1,2,403,1096,122317
2024,1,2,402,1038,123355
2024,1,2,401,1068,124423
2024,1,2,400,1047,125470
2024,1,2,399,1072,126542
2024,1,2,398,1053,127595
2024,1,2,397,1106,128701
2024,1,2,396,1033,129734
2024,1,2,395,991,130725
2024,1,2,394,1110,131835
2024,1,2,393,1074,132909
2024,1,2,392,1012,133921
2024,1,2,391,1114,135035
2024,1,2,390,1108,136143
2024,1,2,389,1046,137189
2024,1,2,388,1076,138265
2024,1,2,387,1098,139363
2024,1,2,386,1117,140480
2024,1,2,385,1079,141559
2024,1,2,384,1129,142688
2024,1,2,383,1127,143815
2024,1,2,382,1131,144946
2024,1,2,381,1138,146084
2024,1,2,380,1146,147230
2024,1,2,379,1117,148347
2024,1,2,378,1121,149468
2024,1,2,377,1117,150585
2024,1,2,376,1079,151664
2024,1,2,375,1094,152758
2024,1,2,374,1136,153894
2024,1,2,373,1161,155055
2024,1,2,372,1110,156165
2024,1,2,371,1111,157276
2024,1,2,370,1169,158445
2024,1,2,369,1130,159575
2024,1,2,368,1162,160737
2024,1,2,367,1192,161929
2024,1,2,366,1171,163100
2024,1,2,365,1257,164357
2024,1,2,364,1120,165477
2024,1,2,363,1219,166696
2024,1,2,362,1188,167884
2024,1,2,361,1206,169090
2024,1,2,360,1188,170278
2024,1,2,359,1197,171475
2024,1,2,358,1178,172653
2024,1,2,357,1181,173834
2024,1,2,356,1263,175097
2024,1,2,355,1260,176357
2024,1,2,354,1227,177584
2024,1,2,353,1190,178774
2024,1,2,352,1168,179942
2024,1,2,351,1162,181104
2024,1,2,350,1153,182257
2024,1,2,349,1211,183468
2024,1,2,348,1166,184634
2024,1,2,347,1306,185940
2024,1,2,346,1200,187140
2024,1,2,345,1323,188463
2024,1,2,344,1236,189699
2024,1,2,343,1198,190897
2024,1,2,342,1211,192108
2024,1,2,341,1223,193331
2024,1,2,340,1227,194558
2024,1,2,339,1217,195775
2024,1,2,338,1252,197027
2024,1,2,337,1214,198241
2024,1,2,336,1239,199480
2024,1,2,335,1237,200717
2024,1,2,334,1285,202002
2024,1,2,333,1232,203234
2024,1,2,332,1252,204486
2024,1,2,331,1227,205713
2024,1,2,330,1244,206957
2024,1,2,329,1254,208211
2024,1,2,328,1192,209403
2024,1,2,327,1189,210592
2024,1,2,326,1168,211760
2024,1,2,325,1280,213040
2024,1,2,324,1311,214351
2024,1,2,323,1272,215623
2024,1,2,322,1255,216878
2024,1,2,321,1296,218174
2024,1,2,320,1278,219452
2024,1,2,319,1266,220718
2024,1,2,318,1274,221992
2024,1,2,317,1295,223287
2024,1,2,316,1236,224523
2024,1,2,315,1292,225815
2024,1,2,314,1265,227080
2024,1,2,313,1299,228379
2024,1,2,312,1248,229627
2024,1,2,311,1293,230920
2024,1,2,310,1289,232209
2024,1,2,309,1289,233498
2024,1,2,308,1258,234756
2024,1,2,307,1264,236020
2024,1,2,306,1307,237327
2024,1,2,305,1300,238627
2024,1,2,304,1287,239914
2024,1,2,303,1290,241204
2024,1,2,302,1257,242461
2024,1,2,301,1288,243749
2024,1,2,300,1227,244976
