year,province_id,subject_category_id,score,count_at_score,cumulative_count
2024,13,2,673,32,32
2024,13,2,672,1,33
2024,13,2,671,0,33
2024,13,2,670,7,40
2024,13,2,669,3,43
2024,13,2,668,5,48
2024,13,2,667,6,54
2024,13,2,666,6,60
2024,13,2,665,6,66
2024,13,2,664,8,74
2024,13,2,663,7,81
2024,13,2,662,8,89
2024,13,2,661,4,93
2024,13,2,660,14,107
2024,13,2,659,5,112
2024,13,2,658,11,123
2024,13,2,657,13,136
2024,13,2,656,16,152
2024,13,2,655,15,167
2024,13,2,654,21,188
2024,13,2,653,20,208
2024,13,2,652,18,226
2024,13,2,651,22,248
2024,13,2,650,23,271
2024,13,2,649,26,297
2024,13,2,648,35,332
2024,13,2,647,37,369
2024,13,2,646,28,397
2024,13,2,645,23,420
2024,13,2,644,35,455
2024,13,2,643,41,496
2024,13,2,642,37,533
2024,13,2,641,31,564
2024,13,2,640,39,603
2024,13,2,639,46,649
2024,13,2,638,38,687
2024,13,2,637,36,723
2024,13,2,636,61,784
2024,13,2,635,48,832
2024,13,2,634,44,876
2024,13,2,633,55,931
2024,13,2,632,57,988
2024,13,2,631,59,1047
2024,13,2,630,66,1113
2024,13,2,629,79,1192
2024,13,2,628,65,1257
2024,13,2,627,65,1322
2024,13,2,626,78,1400
2024,13,2,625,74,1474
2024,13,2,624,69,1543
2024,13,2,623,98,1641
2024,13,2,622,73,1714
2024,13,2,621,100,1814
2024,13,2,620,105,1919
2024,13,2,619,80,1999
2024,13,2,618,97,2096
2024,13,2,617,93,2189
2024,13,2,616,122,2311
2024,13,2,615,114,2425
2024,13,2,614,106,2531
2024,13,2,613,120,2651
2024,13,2,612,113,2764
2024,13,2,611,118,2882
2024,13,2,610,116,2998
2024,13,2,609,126,3124
2024,13,2,608,121,3245
2024,13,2,607,123,3368
2024,13,2,606,115,3483
2024,13,2,605,136,3619
2024,13,2,604,122,3741
2024,13,2,603,141,3882
2024,13,2,602,139,4021
2024,13,2,601,154,4175
2024,13,2,600,125,4300
2024,13,2,599,151,4451
2024,13,2,598,150,4601
2024,13,2,597,169,4770
2024,13,2,596,163,4933
2024,13,2,595,181,5114
2024,13,2,594,155,5269
2024,13,2,593,160,5429
2024,13,2,592,176,5605
2024,13,2,591,198,5803
2024,13,2,590,170,5973
2024,13,2,589,194,6167
2024,13,2,588,189,6356
2024,13,2,587,204,6560
2024,13,2,586,178,6738
2024,13,2,585,208,6946
2024,13,2,584,192,7138
2024,13,2,583,198,7336
2024,13,2,582,182,7518
2024,13,2,581,190,7708
2024,13,2,580,232,7940
2024,13,2,579,204,8144
2024,13,2,578,236,8380
2024,13,2,577,215,8595
2024,13,2,576,256,8851
2024,13,2,575,215,9066
2024,13,2,574,243,9309
2024,13,2,573,240,9549
2024,13,2,572,237,9786
2024,13,2,571,235,10021
2024,13,2,570,250,10271
2024,13,2,569,259,10530
2024,13,2,568,284,10814
2024,13,2,567,263,11077
2024,13,2,566,247,11324
2024,13,2,565,312,11636
2024,13,2,564,311,11947
2024,13,2,563,276,12223
2024,13,2,562,262,12485
2024,13,2,561,278,12763
2024,13,2,560,289,13052
2024,13,2,559,283,13335
2024,13,2,558,306,13641
2024,13,2,557,292,13933
2024,13,2,556,288,14221
2024,13,2,555,322,14543
2024,13,2,554,279,14822
2024,13,2,553,322,15144
2024,13,2,552,288,15432
2024,13,2,551,368,15800
2024,13,2,550,318,16118
2024,13,2,549,331,16449
2024,13,2,548,327,16776
2024,13,2,547,330,17106
2024,13,2,546,328,17434
2024,13,2,545,366,17800
2024,13,2,544,319,18119
2024,13,2,543,339,18458
2024,13,2,542,336,18794
2024,13,2,541,347,19141
2024,13,2,540,395,19536
2024,13,2,539,390,19926
2024,13,2,538,339,20265
2024,13,2,537,397,20662
2024,13,2,536,371,21033
2024,13,2,535,408,21441
2024,13,2,534,413,21854
2024,13,2,533,397,22251
2024,13,2,532,399,22650
2024,13,2,531,426,23076
2024,13,2,530,359,23435
2024,13,2,529,440,23875
2024,13,2,528,372,24247
2024,13,2,527,429,24676
2024,13,2,526,434,25110
2024,13,2,525,412,25522
2024,13,2,524,466,25988
2024,13,2,523,441,26429
2024,13,2,522,469,26898
2024,13,2,521,426,27324
2024,13,2,520,466,27790
2024,13,2,519,468,28258
2024,13,2,518,493,28751
2024,13,2,517,428,29179
2024,13,2,516,443,29622
2024,13,2,515,474,30096
2024,13,2,514,463,30559
2024,13,2,513,485,31044
2024,13,2,512,436,31480
2024,13,2,511,461,31941
2024,13,2,510,502,32443
2024,13,2,509,492,32935
2024,13,2,508,490,33425
2024,13,2,507,471,33896
2024,13,2,506,504,34400
2024,13,2,505,489,34889
2024,13,2,504,485,35374
2024,13,2,503,485,35859
2024,13,2,502,519,36378
2024,13,2,501,511,36889
2024,13,2,500,535,37424
2024,13,2,499,476,37900
2024,13,2,498,504,38404
2024,13,2,497,487,38891
2024,13,2,496,501,39392
2024,13,2,495,510,39902
2024,13,2,494,535,40437
2024,13,2,493,523,40960
2024,13,2,492,525,41485
2024,13,2,491,553,42038
2024,13,2,490,530,42568
2024,13,2,489,587,43155
2024,13,2,488,533,43688
2024,13,2,487,575,44263
2024,13,2,486,508,44771
2024,13,2,485,536,45307
2024,13,2,484,533,45840
2024,13,2,483,535,46375
2024,13,2,482,537,46912
2024,13,2,481,547,47459
2024,13,2,480,540,47999
2024,13,2,479,559,48558
2024,13,2,478,514,49072
2024,13,2,477,536,49608
2024,13,2,476,583,50191
2024,13,2,475,560,50751
2024,13,2,474,525,51276
2024,13,2,473,528,51804
2024,13,2,472,576,52380
2024,13,2,471,586,52966
2024,13,2,470,580,53546
2024,13,2,469,531,54077
2024,13,2,468,606,54683
2024,13,2,467,526,55209
2024,13,2,466,635,55844
2024,13,2,465,526,56370
2024,13,2,464,598,56968
2024,13,2,463,584,57552
2024,13,2,462,570,58122
2024,13,2,461,636,58758
2024,13,2,460,589,59347
2024,13,2,459,542,59889
2024,13,2,458,553,60442
2024,13,2,457,617,61059
2024,13,2,456,596,61655
2024,13,2,455,546,62201
2024,13,2,454,619,62820
2024,13,2,453,595,63415
2024,13,2,452,563,63978
2024,13,2,451,612,64590
2024,13,2,450,644,65234
2024,13,2,449,634,65868
2024,13,2,448,627,66495
2024,13,2,447,628,67123
2024,13,2,446,640,67763
2024,13,2,445,636,68399
2024,13,2,444,664,69063
2024,13,2,443,628,69691
2024,13,2,442,621,70312
2024,13,2,441,610,70922
2024,13,2,440,670,71592
2024,13,2,439,648,72240
2024,13,2,438,597,72837
2024,13,2,437,606,73443
2024,13,2,436,654,74097
2024,13,2,435,651,74748
2024,13,2,434,632,75380
2024,13,2,433,695,76075
2024,13,2,432,638,76713
2024,13,2,431,638,77351
2024,13,2,430,698,78049
2024,13,2,429,666,78715
2024,13,2,428,705,79420
2024,13,2,427,668,80088
2024,13,2,426,693,80781
2024,13,2,425,672,81453
2024,13,2,424,680,82133
2024,13,2,423,726,82859
2024,13,2,422,695,83554
2024,13,2,421,702,84256
2024,13,2,420,702,84958
2024,13,2,419,678,85636
2024,13,2,418,710,86346
2024,13,2,417,648,86994
2024,13,2,416,707,87701
2024,13,2,415,712,88413
2024,13,2,414,680,89093
2024,13,2,413,709,89802
2024,13,2,412,720,90522
2024,13,2,411,694,91216
2024,13,2,410,783,91999
2024,13,2,409,726,92725
2024,13,2,408,751,93476
2024,13,2,407,738,94214
2024,13,2,406,731,94945
2024,13,2,405,763,95708
2024,13,2,404,787,96495
2024,13,2,403,772,97267
2024,13,2,402,777,98044
2024,13,2,401,811,98855
2024,13,2,400,781,99636
2024,13,2,399,754,100390
2024,13,2,398,756,101146
2024,13,2,397,780,101926
2024,13,2,396,802,102728
2024,13,2,395,768,103496
2024,13,2,394,742,104238
2024,13,2,393,753,104991
2024,13,2,392,806,105797
2024,13,2,391,826,106623
2024,13,2,390,789,107412
2024,13,2,389,803,108215
2024,13,2,388,794,109009
2024,13,2,387,803,109812
2024,13,2,386,852,110664
2024,13,2,385,873,111537
2024,13,2,384,853,112390
2024,13,2,383,789,113179
2024,13,2,382,813,113992
2024,13,2,381,835,114827
2024,13,2,380,846,115673
2024,13,2,379,865,116538
2024,13,2,378,871,117409
2024,13,2,377,870,118279
2024,13,2,376,896,119175
2024,13,2,375,951,120126
2024,13,2,374,879,121005
2024,13,2,373,811,121816
2024,13,2,372,918,122734
2024,13,2,371,859,123593
2024,13,2,370,906,124499
2024,13,2,369,900,125399
2024,13,2,368,909,126308
2024,13,2,367,880,127188
2024,13,2,366,885,128073
2024,13,2,365,812,128885
2024,13,2,364,878,129763
2024,13,2,363,903,130666
2024,13,2,362,906,131572
2024,13,2,361,886,132458
2024,13,2,360,901,133359
2024,13,2,359,864,134223
2024,13,2,358,872,135095
2024,13,2,357,917,136012
2024,13,2,356,873,136885
2024,13,2,355,931,137816
2024,13,2,354,929,138745
2024,13,2,353,921,139666
2024,13,2,352,903,140569
2024,13,2,351,932,141501
2024,13,2,350,847,142348
2024,13,2,349,859,143207
2024,13,2,348,903,144110
2024,13,2,347,878,144988
2024,13,2,346,884,145872
2024,13,2,345,822,146694
2024,13,2,344,866,147560
2024,13,2,343,882,148442
2024,13,2,342,926,149368
2024,13,2,341,841,150209
2024,13,2,340,836,151045
2024,13,2,339,846,151891
2024,13,2,338,886,152777
2024,13,2,337,845,153622
2024,13,2,336,820,154442
2024,13,2,335,802,155244
2024,13,2,334,795,156039
2024,13,2,333,799,156838
2024,13,2,332,863,157701
2024,13,2,331,839,158540
2024,13,2,330,841,159381
2024,13,2,329,796,160177
2024,13,2,328,786,160963
2024,13,2,327,798,161761
2024,13,2,326,777,162538
2024,13,2,325,791,163329
2024,13,2,324,749,164078
2024,13,2,323,772,164850
2024,13,2,322,783,165633
2024,13,2,321,785,166418
2024,13,2,320,760,167178
2024,13,2,319,771,167949
2024,13,2,318,749,168698
2024,13,2,317,788,169486
2024,13,2,316,762,170248
2024,13,2,315,700,170948
2024,13,2,314,739,171687
2024,13,2,313,709,172396
2024,13,2,312,723,173119
2024,13,2,311,638,173757
2024,13,2,310,671,174428
2024,13,2,309,632,175060
2024,13,2,308,677,175737
2024,13,2,307,690,176427
