year,province_id,subject_category_id,score,count_at_score,cumulative_count
2024,10,5,699,331,331
2024,10,5,698,65,396
2024,10,5,697,72,468
2024,10,5,696,65,533
2024,10,5,695,64,597
2024,10,5,694,70,667
2024,10,5,693,96,763
2024,10,5,692,92,855
2024,10,5,691,84,939
2024,10,5,690,100,1039
2024,10,5,689,99,1138
2024,10,5,688,127,1265
2024,10,5,687,114,1379
2024,10,5,686,153,1532
2024,10,5,685,125,1657
2024,10,5,684,142,1799
2024,10,5,683,182,1981
2024,10,5,682,147,2128
2024,10,5,681,183,2311
2024,10,5,680,205,2516
2024,10,5,679,222,2738
2024,10,5,678,188,2926
2024,10,5,677,196,3122
2024,10,5,676,223,3345
2024,10,5,675,232,3577
2024,10,5,674,266,3843
2024,10,5,673,240,4083
2024,10,5,672,282,4365
2024,10,5,671,262,4627
2024,10,5,670,287,4914
2024,10,5,669,284,5198
2024,10,5,668,300,5498
2024,10,5,667,290,5788
2024,10,5,666,328,6116
2024,10,5,665,334,6450
2024,10,5,664,392,6842
2024,10,5,663,349,7191
2024,10,5,662,375,7566
2024,10,5,661,385,7951
2024,10,5,660,356,8307
2024,10,5,659,381,8688
2024,10,5,658,445,9133
2024,10,5,657,410,9543
2024,10,5,656,439,9982
2024,10,5,655,443,10425
2024,10,5,654,492,10917
2024,10,5,653,459,11376
2024,10,5,652,472,11848
2024,10,5,651,516,12364
2024,10,5,650,480,12844
2024,10,5,649,500,13344
2024,10,5,648,538,13882
2024,10,5,647,501,14383
2024,10,5,646,572,14955
2024,10,5,645,599,15554
2024,10,5,644,580,16134
2024,10,5,643,578,16712
2024,10,5,642,556,17268
2024,10,5,641,658,17926
2024,10,5,640,667,18593
2024,10,5,639,636,19229
2024,10,5,638,686,19915
2024,10,5,637,635,20550
2024,10,5,636,672,21222
2024,10,5,635,695,21917
2024,10,5,634,708,22625
2024,10,5,633,744,23369
2024,10,5,632,752,24121
2024,10,5,631,741,24862
2024,10,5,630,768,25630
2024,10,5,629,765,26395
2024,10,5,628,838,27233
2024,10,5,627,798,28031
2024,10,5,626,828,28859
2024,10,5,625,825,29684
2024,10,5,624,843,30527
2024,10,5,623,904,31431
2024,10,5,622,888,32319
2024,10,5,621,847,33166
2024,10,5,620,874,34040
2024,10,5,619,903,34943
2024,10,5,618,929,35872
2024,10,5,617,910,36782
2024,10,5,616,974,37756
2024,10,5,615,942,38698
2024,10,5,614,964,39662
2024,10,5,613,974,40636
2024,10,5,612,942,41578
2024,10,5,611,961,42539
2024,10,5,610,999,43538
2024,10,5,609,966,44504
2024,10,5,608,1030,45534
2024,10,5,607,1054,46588
2024,10,5,606,1029,47617
2024,10,5,605,1083,48700
2024,10,5,604,1067,49767
2024,10,5,603,1065,50832
2024,10,5,602,1047,51879
2024,10,5,601,1080,52959
2024,10,5,600,1005,53964
2024,10,5,599,1119,55083
2024,10,5,598,1143,56226
2024,10,5,597,1068,57294
2024,10,5,596,1056,58350
2024,10,5,595,1106,59456
2024,10,5,594,1096,60552
2024,10,5,593,1148,61700
2024,10,5,592,1126,62826
2024,10,5,591,1053,63879
2024,10,5,590,1110,64989
2024,10,5,589,1119,66108
2024,10,5,588,1170,67278
2024,10,5,587,1149,68427
2024,10,5,586,1055,69482
2024,10,5,585,1191,70673
2024,10,5,584,1120,71793
2024,10,5,583,1104,72897
2024,10,5,582,1117,74014
2024,10,5,581,1175,75189
2024,10,5,580,1168,76357
2024,10,5,579,1164,77521
2024,10,5,578,1164,78685
2024,10,5,577,1100,79785
2024,10,5,576,1156,80941
2024,10,5,575,1133,82074
2024,10,5,574,1142,83216
2024,10,5,573,1218,84434
2024,10,5,572,1133,85567
2024,10,5,571,1156,86723
2024,10,5,570,1151,87874
2024,10,5,569,1134,89008
2024,10,5,568,1192,90200
2024,10,5,567,1201,91401
2024,10,5,566,1182,92583
2024,10,5,565,1190,93773
2024,10,5,564,1162,94935
2024,10,5,563,1188,96123
2024,10,5,562,1138,97261
2024,10,5,561,1223,98484
2024,10,5,560,1121,99605
2024,10,5,559,1205,100810
2024,10,5,558,1212,102022
2024,10,5,557,1144,103166
2024,10,5,556,1233,104399
2024,10,5,555,1181,105580
2024,10,5,554,1212,106792
2024,10,5,553,1251,108043
2024,10,5,552,1164,109207
2024,10,5,551,1149,110356
2024,10,5,550,1194,111550
2024,10,5,549,1173,112723
2024,10,5,548,1174,113897
2024,10,5,547,1224,115121
2024,10,5,546,1141,116262
2024,10,5,545,1126,117388
2024,10,5,544,1225,118613
2024,10,5,543,1198,119811
2024,10,5,542,1136,120947
2024,10,5,541,1141,122088
2024,10,5,540,1211,123299
2024,10,5,539,1230,124529
2024,10,5,538,1115,125644
2024,10,5,537,1116,126760
2024,10,5,536,1199,127959
2024,10,5,535,1149,129108
2024,10,5,534,1154,130262
2024,10,5,533,1148,131410
2024,10,5,532,1161,132571
2024,10,5,531,1149,133720
2024,10,5,530,1168,134888
2024,10,5,529,1159,136047
2024,10,5,528,1229,137276
2024,10,5,527,1187,138463
2024,10,5,526,1166,139629
2024,10,5,525,1202,140831
2024,10,5,524,1189,142020
2024,10,5,523,1118,143138
2024,10,5,522,1201,144339
2024,10,5,521,1219,145558
2024,10,5,520,1162,146720
2024,10,5,519,1206,147926
2024,10,5,518,1120,149046
2024,10,5,517,1237,150283
2024,10,5,516,1134,151417
2024,10,5,515,1180,152597
2024,10,5,514,1121,153718
2024,10,5,513,1174,154892
2024,10,5,512,1127,156019
2024,10,5,511,1125,157144
2024,10,5,510,1080,158224
2024,10,5,509,1123,159347
2024,10,5,508,1076,160423
2024,10,5,507,1209,161632
2024,10,5,506,1185,162817
2024,10,5,505,1150,163967
2024,10,5,504,1183,165150
2024,10,5,503,1126,166276
2024,10,5,502,1114,167390
2024,10,5,501,1098,168488
2024,10,5,500,1060,169548
2024,10,5,499,1125,170673
2024,10,5,498,1090,171763
2024,10,5,497,1094,172857
2024,10,5,496,1022,173879
2024,10,5,495,1010,174889
2024,10,5,494,1046,175935
2024,10,5,493,1049,176984
2024,10,5,492,1075,178059
2024,10,5,491,1043,179102
2024,10,5,490,1114,180216
2024,10,5,489,1011,181227
2024,10,5,488,1032,182259
2024,10,5,487,1025,183284
2024,10,5,486,1017,184301
2024,10,5,485,978,185279
2024,10,5,484,978,186257
2024,10,5,483,1047,187304
2024,10,5,482,970,188274
2024,10,5,481,1003,189277
2024,10,5,480,1024,190301
2024,10,5,479,996,191297
2024,10,5,478,955,192252
2024,10,5,477,960,193212
2024,10,5,476,990,194202
2024,10,5,475,991,195193
2024,10,5,474,967,196160
2024,10,5,473,877,197037
2024,10,5,472,911,197948
2024,10,5,471,892,198840
2024,10,5,470,904,199744
2024,10,5,469,931,200675
2024,10,5,468,888,201563
2024,10,5,467,888,202451
2024,10,5,466,916,203367
2024,10,5,465,884,204251
2024,10,5,464,935,205186
2024,10,5,463,766,205952
2024,10,5,462,822,206774
2024,10,5,461,864,207638
2024,10,5,460,852,208490
2024,10,5,459,808,209298
2024,10,5,458,837,210135
2024,10,5,457,816,210951
2024,10,5,456,808,211759
2024,10,5,455,852,212611
2024,10,5,454,805,213416
2024,10,5,453,803,214219
2024,10,5,452,763,214982
2024,10,5,451,759,215741
2024,10,5,450,778,216519
2024,10,5,449,800,217319
2024,10,5,448,802,218121
2024,10,5,447,755,218876
2024,10,5,446,760,219636
2024,10,5,445,713,220349
2024,10,5,444,731,221080
2024,10,5,443,719,221799
2024,10,5,442,677,222476
2024,10,5,441,747,223223
2024,10,5,440,745,223968
2024,10,5,439,707,224675
2024,10,5,438,680,225355
2024,10,5,437,683,226038
2024,10,5,436,707,226745
2024,10,5,435,669,227414
2024,10,5,434,676,228090
2024,10,5,433,651,228741
2024,10,5,432,653,229394
2024,10,5,431,683,230077
2024,10,5,430,639,230716
2024,10,5,429,661,231377
2024,10,5,428,623,232000
2024,10,5,427,620,232620
2024,10,5,426,617,233237
2024,10,5,425,637,233874
2024,10,5,424,676,234550
2024,10,5,423,600,235150
2024,10,5,422,642,235792
2024,10,5,421,600,236392
2024,10,5,420,582,236974
2024,10,5,419,594,237568
2024,10,5,418,594,238162
2024,10,5,417,553,238715
2024,10,5,416,581,239296
2024,10,5,415,565,239861
2024,10,5,414,604,240465
2024,10,5,413,565,241030
2024,10,5,412,578,241608
2024,10,5,411,521,242129
2024,10,5,410,611,242740
2024,10,5,409,556,243296
2024,10,5,408,546,243842
2024,10,5,407,511,244353
2024,10,5,406,551,244904
2024,10,5,405,543,245447
2024,10,5,404,508,245955
2024,10,5,403,528,246483
2024,10,5,402,524,247007
2024,10,5,401,503,247510
2024,10,5,400,497,248007
2024,10,5,399,470,248477
2024,10,5,398,476,248953
2024,10,5,397,468,249421
2024,10,5,396,462,249883
2024,10,5,395,483,250366
2024,10,5,394,442,250808
2024,10,5,393,455,251263
2024,10,5,392,478,251741
2024,10,5,391,447,252188
2024,10,5,390,454,252642
2024,10,5,389,430,253072
2024,10,5,388,441,253513
2024,10,5,387,417,253930
2024,10,5,386,432,254362
2024,10,5,385,433,254795
2024,10,5,384,420,255215
2024,10,5,383,387,255602
2024,10,5,382,438,256040
2024,10,5,381,401,256441
2024,10,5,380,392,256833
2024,10,5,379,424,257257
2024,10,5,378,383,257640
2024,10,5,377,350,257990
2024,10,5,376,366,258356
2024,10,5,375,355,258711
2024,10,5,374,394,259105
2024,10,5,373,367,259472
2024,10,5,372,368,259840
2024,10,5,371,362,260202
2024,10,5,370,366,260568
2024,10,5,369,328,260896
2024,10,5,368,371,261267
2024,10,5,367,311,261578
2024,10,5,366,314,261892
2024,10,5,365,378,262270
2024,10,5,364,346,262616
2024,10,5,363,336,262952
2024,10,5,362,306,263258
2024,10,5,361,324,263582
2024,10,5,360,299,263881
2024,10,5,359,316,264197
2024,10,5,358,301,264498
2024,10,5,357,318,264816
2024,10,5,356,250,265066
2024,10,5,355,290,265356
2024,10,5,354,262,265618
2024,10,5,353,262,265880
2024,10,5,352,295,266175
2024,10,5,351,266,266441
2024,10,5,350,268,266709
2024,10,5,349,245,266954
2024,10,5,348,275,267229
2024,10,5,347,265,267494
2024,10,5,346,284,267778
2024,10,5,345,255,268033
2024,10,5,344,277,268310
2024,10,5,343,251,268561
2024,10,5,342,250,268811
2024,10,5,341,241,269052
2024,10,5,340,222,269274
2024,10,5,339,209,269483
2024,10,5,338,226,269709
2024,10,5,337,210,269919
2024,10,5,336,199,270118
2024,10,5,335,214,270332
2024,10,5,334,225,270557
2024,10,5,333,232,270789
2024,10,5,332,200,270989
2024,10,5,331,196,271185
2024,10,5,330,179,271364
2024,10,5,329,197,271561
2024,10,5,328,185,271746
2024,10,5,327,171,271917
2024,10,5,326,183,272100
2024,10,5,325,195,272295
2024,10,5,324,180,272475
2024,10,5,323,195,272670
2024,10,5,322,169,272839
2024,10,5,321,141,272980
2024,10,5,320,174,273154
2024,10,5,319,142,273296
2024,10,5,318,148,273444
2024,10,5,317,164,273608
2024,10,5,316,146,273754
2024,10,5,315,170,273924
2024,10,5,314,157,274081
2024,10,5,313,154,274235
2024,10,5,312,144,274379
2024,10,5,311,141,274520
2024,10,5,310,152,274672
2024,10,5,309,136,274808
2024,10,5,308,139,274947
2024,10,5,307,143,275090
2024,10,5,306,163,275253
2024,10,5,305,137,275390
2024,10,5,304,139,275529
2024,10,5,303,141,275670
2024,10,5,302,148,275818
2024,10,5,301,135,275953
2024,10,5,300,130,276083
