year,province_id,subject_category_id,score,count_at_score,cumulative_count
2024,16,2,670,9,9
2024,16,2,669,1,10
2024,16,2,668,2,12
2024,16,2,667,0,12
2024,16,2,666,3,15
2024,16,2,665,3,18
2024,16,2,664,3,21
2024,16,2,663,2,23
2024,16,2,662,1,24
2024,16,2,661,6,30
2024,16,2,660,5,35
2024,16,2,659,1,36
2024,16,2,658,3,39
2024,16,2,657,6,45
2024,16,2,656,5,50
2024,16,2,655,5,55
2024,16,2,654,4,59
2024,16,2,653,8,67
2024,16,2,652,10,77
2024,16,2,651,9,86
2024,16,2,650,11,97
2024,16,2,649,5,102
2024,16,2,648,12,114
2024,16,2,647,14,128
2024,16,2,646,15,143
2024,16,2,645,14,157
2024,16,2,644,19,176
2024,16,2,643,13,189
2024,16,2,642,14,203
2024,16,2,641,11,214
2024,16,2,640,13,227
2024,16,2,639,18,245
2024,16,2,638,25,270
2024,16,2,637,23,293
2024,16,2,636,24,317
2024,16,2,635,21,338
2024,16,2,634,27,365
2024,16,2,633,28,393
2024,16,2,632,27,420
2024,16,2,631,17,437
2024,16,2,630,26,463
2024,16,2,629,33,496
2024,16,2,628,37,533
2024,16,2,627,38,571
2024,16,2,626,43,614
2024,16,2,625,41,655
2024,16,2,624,43,698
2024,16,2,623,49,747
2024,16,2,622,32,779
2024,16,2,621,37,816
2024,16,2,620,39,855
2024,16,2,619,53,908
2024,16,2,618,52,960
2024,16,2,617,42,1002
2024,16,2,616,59,1061
2024,16,2,615,50,1111
2024,16,2,614,53,1164
2024,16,2,613,60,1224
2024,16,2,612,61,1285
2024,16,2,611,63,1348
2024,16,2,610,52,1400
2024,16,2,609,73,1473
2024,16,2,608,60,1533
2024,16,2,607,69,1602
2024,16,2,606,93,1695
2024,16,2,605,78,1773
2024,16,2,604,80,1853
2024,16,2,603,77,1930
2024,16,2,602,72,2002
2024,16,2,601,80,2082
2024,16,2,600,94,2176
2024,16,2,599,83,2259
2024,16,2,598,92,2351
2024,16,2,597,86,2437
2024,16,2,596,105,2542
2024,16,2,595,101,2643
2024,16,2,594,97,2740
2024,16,2,593,104,2844
2024,16,2,592,107,2951
2024,16,2,591,92,3043
2024,16,2,590,118,3161
2024,16,2,589,118,3279
2024,16,2,588,116,3395
2024,16,2,587,113,3508
2024,16,2,586,108,3616
2024,16,2,585,132,3748
2024,16,2,584,136,3884
2024,16,2,583,128,4012
2024,16,2,582,108,4120
2024,16,2,581,112,4232
2024,16,2,580,129,4361
2024,16,2,579,142,4503
2024,16,2,578,149,4652
2024,16,2,577,137,4789
2024,16,2,576,134,4923
2024,16,2,575,136,5059
2024,16,2,574,134,5193
2024,16,2,573,139,5332
2024,16,2,572,162,5494
2024,16,2,571,150,5644
2024,16,2,570,153,5797
2024,16,2,569,176,5973
2024,16,2,568,186,6159
2024,16,2,567,165,6324
2024,16,2,566,165,6489
2024,16,2,565,154,6643
2024,16,2,564,173,6816
2024,16,2,563,179,6995
2024,16,2,562,153,7148
2024,16,2,561,174,7322
2024,16,2,560,186,7508
2024,16,2,559,185,7693
2024,16,2,558,178,7871
2024,16,2,557,196,8067
2024,16,2,556,173,8240
2024,16,2,555,181,8421
2024,16,2,554,197,8618
2024,16,2,553,173,8791
2024,16,2,552,209,9000
2024,16,2,551,214,9214
2024,16,2,550,212,9426
2024,16,2,549,212,9638
2024,16,2,548,180,9818
2024,16,2,547,187,10005
2024,16,2,546,224,10229
2024,16,2,545,207,10436
2024,16,2,544,234,10670
2024,16,2,543,256,10926
2024,16,2,542,228,11154
2024,16,2,541,203,11357
2024,16,2,540,205,11562
2024,16,2,539,221,11783
2024,16,2,538,225,12008
2024,16,2,537,222,12230
2024,16,2,536,246,12476
2024,16,2,535,238,12714
2024,16,2,534,231,12945
2024,16,2,533,248,13193
2024,16,2,532,225,13418
2024,16,2,531,228,13646
2024,16,2,530,236,13882
2024,16,2,529,280,14162
2024,16,2,528,269,14431
2024,16,2,527,235,14666
2024,16,2,526,251,14917
2024,16,2,525,261,15178
2024,16,2,524,283,15461
2024,16,2,523,257,15718
2024,16,2,522,267,15985
2024,16,2,521,260,16245
2024,16,2,520,241,16486
2024,16,2,519,252,16738
2024,16,2,518,264,17002
2024,16,2,517,259,17261
2024,16,2,516,233,17494
2024,16,2,515,269,17763
2024,16,2,514,250,18013
2024,16,2,513,261,18274
2024,16,2,512,276,18550
2024,16,2,511,264,18814
2024,16,2,510,268,19082
2024,16,2,509,274,19356
2024,16,2,508,274,19630
2024,16,2,507,281,19911
2024,16,2,506,289,20200
2024,16,2,505,299,20499
2024,16,2,504,288,20787
2024,16,2,503,311,21098
2024,16,2,502,269,21367
2024,16,2,501,279,21646
2024,16,2,500,309,21955
2024,16,2,499,298,22253
2024,16,2,498,273,22526
2024,16,2,497,322,22848
2024,16,2,496,265,23113
2024,16,2,495,300,23413
2024,16,2,494,311,23724
2024,16,2,493,304,24028
2024,16,2,492,300,24328
2024,16,2,491,286,24614
2024,16,2,490,309,24923
2024,16,2,489,308,25231
2024,16,2,488,285,25516
2024,16,2,487,299,25815
2024,16,2,486,289,26104
2024,16,2,485,339,26443
2024,16,2,484,290,26733
2024,16,2,483,297,27030
2024,16,2,482,340,27370
2024,16,2,481,305,27675
2024,16,2,480,325,28000
2024,16,2,479,328,28328
2024,16,2,478,326,28654
2024,16,2,477,346,29000
2024,16,2,476,295,29295
2024,16,2,475,340,29635
2024,16,2,474,316,29951
2024,16,2,473,328,30279
2024,16,2,472,360,30639
2024,16,2,471,366,31005
2024,16,2,470,321,31326
2024,16,2,469,325,31651
2024,16,2,468,373,32024
2024,16,2,467,325,32349
2024,16,2,466,321,32670
2024,16,2,465,351,33021
2024,16,2,464,334,33355
2024,16,2,463,371,33726
2024,16,2,462,372,34098
2024,16,2,461,332,34430
2024,16,2,460,329,34759
2024,16,2,459,361,35120
2024,16,2,458,349,35469
2024,16,2,457,355,35824
2024,16,2,456,345,36169
2024,16,2,455,376,36545
2024,16,2,454,364,36909
2024,16,2,453,375,37284
2024,16,2,452,383,37667
2024,16,2,451,352,38019
2024,16,2,450,398,38417
2024,16,2,449,349,38766
2024,16,2,448,361,39127
2024,16,2,447,382,39509
2024,16,2,446,341,39850
2024,16,2,445,384,40234
2024,16,2,444,383,40617
2024,16,2,443,406,41023
2024,16,2,442,386,41409
2024,16,2,441,399,41808
2024,16,2,440,364,42172
2024,16,2,439,373,42545
2024,16,2,438,398,42943
2024,16,2,437,390,43333
2024,16,2,436,378,43711
2024,16,2,435,368,44079
2024,16,2,434,388,44467
2024,16,2,433,360,44827
2024,16,2,432,398,45225
2024,16,2,431,396,45621
2024,16,2,430,402,46023
2024,16,2,429,389,46412
2024,16,2,428,391,46803
2024,16,2,427,388,47191
2024,16,2,426,410,47601
2024,16,2,425,410,48011
2024,16,2,424,368,48379
2024,16,2,423,383,48762
2024,16,2,422,407,49169
2024,16,2,421,381,49550
2024,16,2,420,401,49951
2024,16,2,419,421,50372
2024,16,2,418,422,50794
2024,16,2,417,431,51225
2024,16,2,416,403,51628
2024,16,2,415,394,52022
2024,16,2,414,379,52401
2024,16,2,413,418,52819
2024,16,2,412,440,53259
2024,16,2,411,401,53660
2024,16,2,410,406,54066
2024,16,2,409,431,54497
2024,16,2,408,426,54923
2024,16,2,407,424,55347
2024,16,2,406,396,55743
2024,16,2,405,428,56171
2024,16,2,404,412,56583
2024,16,2,403,457,57040
2024,16,2,402,443,57483
2024,16,2,401,421,57904
2024,16,2,400,417,58321
2024,16,2,399,437,58758
2024,16,2,398,468,59226
2024,16,2,397,448,59674
2024,16,2,396,437,60111
2024,16,2,395,442,60553
2024,16,2,394,422,60975
2024,16,2,393,482,61457
2024,16,2,392,456,61913
2024,16,2,391,457,62370
2024,16,2,390,456,62826
2024,16,2,389,436,63262
2024,16,2,388,461,63723
2024,16,2,387,488,64211
2024,16,2,386,495,64706
2024,16,2,385,402,65108
2024,16,2,384,482,65590
2024,16,2,383,428,66018
2024,16,2,382,422,66440
2024,16,2,381,448,66888
2024,16,2,380,470,67358
2024,16,2,379,465,67823
2024,16,2,378,422,68245
2024,16,2,377,476,68721
2024,16,2,376,474,69195
2024,16,2,375,433,69628
2024,16,2,374,469,70097
2024,16,2,373,464,70561
2024,16,2,372,450,71011
2024,16,2,371,437,71448
2024,16,2,370,452,71900
2024,16,2,369,469,72369
2024,16,2,368,486,72855
2024,16,2,367,479,73334
2024,16,2,366,475,73809
2024,16,2,365,498,74307
2024,16,2,364,484,74791
2024,16,2,363,485,75276
2024,16,2,362,479,75755
2024,16,2,361,474,76229
2024,16,2,360,435,76664
2024,16,2,359,483,77147
2024,16,2,358,430,77577
2024,16,2,357,478,78055
2024,16,2,356,464,78519
2024,16,2,355,473,78992
2024,16,2,354,487,79479
2024,16,2,353,520,79999
2024,16,2,352,483,80482
2024,16,2,351,502,80984
2024,16,2,350,478,81462
2024,16,2,349,458,81920
2024,16,2,348,456,82376
2024,16,2,347,475,82851
2024,16,2,346,464,83315
2024,16,2,345,471,83786
2024,16,2,344,486,84272
2024,16,2,343,467,84739
2024,16,2,342,463,85202
2024,16,2,341,435,85637
2024,16,2,340,460,86097
2024,16,2,339,490,86587
2024,16,2,338,511,87098
2024,16,2,337,430,87528
2024,16,2,336,468,87996
2024,16,2,335,485,88481
2024,16,2,334,450,88931
2024,16,2,333,501,89432
2024,16,2,332,492,89924
2024,16,2,331,444,90368
2024,16,2,330,449,90817
2024,16,2,329,476,91293
2024,16,2,328,422,91715
2024,16,2,327,441,92156
2024,16,2,326,465,92621
2024,16,2,325,471,93092
2024,16,2,324,462,93554
2024,16,2,323,465,94019
2024,16,2,322,439,94458
2024,16,2,321,471,94929
2024,16,2,320,435,95364
2024,16,2,319,447,95811
2024,16,2,318,443,96254
2024,16,2,317,423,96677
2024,16,2,316,421,97098
2024,16,2,315,461,97559
2024,16,2,314,420,97979
2024,16,2,313,418,98397
2024,16,2,312,439,98836
2024,16,2,311,389,99225
2024,16,2,310,423,99648
2024,16,2,309,416,100064
2024,16,2,308,394,100458
2024,16,2,307,378,100836
2024,16,2,306,400,101236
2024,16,2,305,392,101628
2024,16,2,304,392,102020
2024,16,2,303,401,102421
2024,16,2,302,417,102838
2024,16,2,301,390,103228
2024,16,2,300,379,103607
