year,province_id,subject_category_id,score,count_at_score,cumulative_count
2024,16,1,695,44,44
2024,16,1,694,6,50
2024,16,1,693,10,60
2024,16,1,692,11,71
2024,16,1,691,12,83
2024,16,1,690,15,98
2024,16,1,689,17,115
2024,16,1,688,13,128
2024,16,1,687,9,137
2024,16,1,686,22,159
2024,16,1,685,14,173
2024,16,1,684,14,187
2024,16,1,683,21,208
2024,16,1,682,31,239
2024,16,1,681,32,271
2024,16,1,680,29,300
2024,16,1,679,32,332
2024,16,1,678,40,372
2024,16,1,677,40,412
2024,16,1,676,34,446
2024,16,1,675,42,488
2024,16,1,674,38,526
2024,16,1,673,55,581
2024,16,1,672,37,618
2024,16,1,671,53,671
2024,16,1,670,55,726
2024,16,1,669,62,788
2024,16,1,668,54,842
2024,16,1,667,56,898
2024,16,1,666,65,963
2024,16,1,665,83,1046
2024,16,1,664,90,1136
2024,16,1,663,105,1241
2024,16,1,662,73,1314
2024,16,1,661,102,1416
2024,16,1,660,91,1507
2024,16,1,659,96,1603
2024,16,1,658,116,1719
2024,16,1,657,128,1847
2024,16,1,656,124,1971
2024,16,1,655,109,2080
2024,16,1,654,113,2193
2024,16,1,653,122,2315
2024,16,1,652,138,2453
2024,16,1,651,143,2596
2024,16,1,650,131,2727
2024,16,1,649,152,2879
2024,16,1,648,154,3033
2024,16,1,647,185,3218
2024,16,1,646,144,3362
2024,16,1,645,170,3532
2024,16,1,644,180,3712
2024,16,1,643,189,3901
2024,16,1,642,184,4085
2024,16,1,641,202,4287
2024,16,1,640,208,4495
2024,16,1,639,215,4710
2024,16,1,638,180,4890
2024,16,1,637,209,5099
2024,16,1,636,227,5326
2024,16,1,635,217,5543
2024,16,1,634,213,5756
2024,16,1,633,226,5982
2024,16,1,632,261,6243
2024,16,1,631,266,6509
2024,16,1,630,268,6777
2024,16,1,629,279,7056
2024,16,1,628,300,7356
2024,16,1,627,303,7659
2024,16,1,626,251,7910
2024,16,1,625,305,8215
2024,16,1,624,271,8486
2024,16,1,623,274,8760
2024,16,1,622,307,9067
2024,16,1,621,290,9357
2024,16,1,620,344,9701
2024,16,1,619,334,10035
2024,16,1,618,337,10372
2024,16,1,617,308,10680
2024,16,1,616,378,11058
2024,16,1,615,337,11395
2024,16,1,614,361,11756
2024,16,1,613,402,12158
2024,16,1,612,378,12536
2024,16,1,611,396,12932
2024,16,1,610,383,13315
2024,16,1,609,413,13728
2024,16,1,608,388,14116
2024,16,1,607,403,14519
2024,16,1,606,415,14934
2024,16,1,605,422,15356
2024,16,1,604,412,15768
2024,16,1,603,462,16230
2024,16,1,602,455,16685
2024,16,1,601,454,17139
2024,16,1,600,474,17613
2024,16,1,599,471,18084
2024,16,1,598,479,18563
2024,16,1,597,500,19063
2024,16,1,596,474,19537
2024,16,1,595,468,20005
2024,16,1,594,488,20493
2024,16,1,593,493,20986
2024,16,1,592,525,21511
2024,16,1,591,486,21997
2024,16,1,590,476,22473
2024,16,1,589,598,23071
2024,16,1,588,525,23596
2024,16,1,587,536,24132
2024,16,1,586,549,24681
2024,16,1,585,543,25224
2024,16,1,584,568,25792
2024,16,1,583,600,26392
2024,16,1,582,599,26991
2024,16,1,581,600,27591
2024,16,1,580,641,28232
2024,16,1,579,669,28901
2024,16,1,578,561,29462
2024,16,1,577,618,30080
2024,16,1,576,633,30713
2024,16,1,575,638,31351
2024,16,1,574,618,31969
2024,16,1,573,644,32613
2024,16,1,572,656,33269
2024,16,1,571,688,33957
2024,16,1,570,664,34621
2024,16,1,569,685,35306
2024,16,1,568,672,35978
2024,16,1,567,681,36659
2024,16,1,566,660,37319
2024,16,1,565,688,38007
2024,16,1,564,672,38679
2024,16,1,563,669,39348
2024,16,1,562,694,40042
2024,16,1,561,671,40713
2024,16,1,560,725,41438
2024,16,1,559,698,42136
2024,16,1,558,719,42855
2024,16,1,557,762,43617
2024,16,1,556,709,44326
2024,16,1,555,725,45051
2024,16,1,554,790,45841
2024,16,1,553,697,46538
2024,16,1,552,744,47282
2024,16,1,551,737,48019
2024,16,1,550,789,48808
2024,16,1,549,730,49538
2024,16,1,548,757,50295
2024,16,1,547,749,51044
2024,16,1,546,790,51834
2024,16,1,545,694,52528
2024,16,1,544,730,53258
2024,16,1,543,797,54055
2024,16,1,542,782,54837
2024,16,1,541,839,55676
2024,16,1,540,823,56499
2024,16,1,539,757,57256
2024,16,1,538,795,58051
2024,16,1,537,821,58872
2024,16,1,536,844,59716
2024,16,1,535,772,60488
2024,16,1,534,804,61292
2024,16,1,533,801,62093
2024,16,1,532,811,62904
2024,16,1,531,791,63695
2024,16,1,530,781,64476
2024,16,1,529,884,65360
2024,16,1,528,838,66198
2024,16,1,527,843,67041
2024,16,1,526,821,67862
2024,16,1,525,816,68678
2024,16,1,524,825,69503
2024,16,1,523,759,70262
2024,16,1,522,846,71108
2024,16,1,521,834,71942
2024,16,1,520,844,72786
2024,16,1,519,822,73608
2024,16,1,518,825,74433
2024,16,1,517,843,75276
2024,16,1,516,769,76045
2024,16,1,515,829,76874
2024,16,1,514,828,77702
2024,16,1,513,855,78557
2024,16,1,512,843,79400
2024,16,1,511,809,80209
2024,16,1,510,837,81046
2024,16,1,509,842,81888
2024,16,1,508,864,82752
2024,16,1,507,876,83628
2024,16,1,506,837,84465
2024,16,1,505,865,85330
2024,16,1,504,851,86181
2024,16,1,503,809,86990
2024,16,1,502,851,87841
2024,16,1,501,826,88667
2024,16,1,500,834,89501
2024,16,1,499,811,90312
2024,16,1,498,800,91112
2024,16,1,497,853,91965
2024,16,1,496,785,92750
2024,16,1,495,867,93617
2024,16,1,494,821,94438
2024,16,1,493,807,95245
2024,16,1,492,790,96035
2024,16,1,491,826,96861
2024,16,1,490,859,97720
2024,16,1,489,823,98543
2024,16,1,488,877,99420
2024,16,1,487,770,100190
2024,16,1,486,851,101041
2024,16,1,485,853,101894
2024,16,1,484,828,102722
2024,16,1,483,888,103610
2024,16,1,482,819,104429
2024,16,1,481,856,105285
2024,16,1,480,812,106097
2024,16,1,479,856,106953
2024,16,1,478,814,107767
2024,16,1,477,803,108570
2024,16,1,476,814,109384
2024,16,1,475,845,110229
2024,16,1,474,852,111081
2024,16,1,473,796,111877
2024,16,1,472,783,112660
2024,16,1,471,833,113493
2024,16,1,470,833,114326
2024,16,1,469,748,115074
2024,16,1,468,826,115900
2024,16,1,467,809,116709
2024,16,1,466,850,117559
2024,16,1,465,817,118376
2024,16,1,464,797,119173
2024,16,1,463,782,119955
2024,16,1,462,744,120699
2024,16,1,461,865,121564
2024,16,1,460,791,122355
2024,16,1,459,817,123172
2024,16,1,458,795,123967
2024,16,1,457,753,124720
2024,16,1,456,764,125484
2024,16,1,455,804,126288
2024,16,1,454,780,127068
2024,16,1,453,826,127894
2024,16,1,452,745,128639
2024,16,1,451,785,129424
2024,16,1,450,790,130214
2024,16,1,449,790,131004
2024,16,1,448,782,131786
2024,16,1,447,776,132562
2024,16,1,446,773,133335
2024,16,1,445,782,134117
2024,16,1,444,773,134890
2024,16,1,443,752,135642
2024,16,1,442,794,136436
2024,16,1,441,797,137233
2024,16,1,440,750,137983
2024,16,1,439,753,138736
2024,16,1,438,771,139507
2024,16,1,437,733,140240
2024,16,1,436,760,141000
2024,16,1,435,767,141767
2024,16,1,434,749,142516
2024,16,1,433,731,143247
2024,16,1,432,734,143981
2024,16,1,431,724,144705
2024,16,1,430,742,145447
2024,16,1,429,732,146179
2024,16,1,428,767,146946
2024,16,1,427,748,147694
2024,16,1,426,735,148429
2024,16,1,425,744,149173
2024,16,1,424,705,149878
2024,16,1,423,703,150581
2024,16,1,422,719,151300
2024,16,1,421,740,152040
2024,16,1,420,663,152703
2024,16,1,419,687,153390
2024,16,1,418,725,154115
2024,16,1,417,668,154783
2024,16,1,416,676,155459
2024,16,1,415,719,156178
2024,16,1,414,663,156841
2024,16,1,413,637,157478
2024,16,1,412,724,158202
2024,16,1,411,683,158885
2024,16,1,410,652,159537
2024,16,1,409,684,160221
2024,16,1,408,671,160892
2024,16,1,407,653,161545
2024,16,1,406,677,162222
2024,16,1,405,729,162951
2024,16,1,404,681,163632
2024,16,1,403,675,164307
2024,16,1,402,637,164944
2024,16,1,401,652,165596
2024,16,1,400,682,166278
2024,16,1,399,692,166970
2024,16,1,398,671,167641
2024,16,1,397,656,168297
2024,16,1,396,652,168949
2024,16,1,395,647,169596
2024,16,1,394,611,170207
2024,16,1,393,634,170841
2024,16,1,392,628,171469
2024,16,1,391,640,172109
2024,16,1,390,641,172750
2024,16,1,389,670,173420
2024,16,1,388,667,174087
2024,16,1,387,581,174668
2024,16,1,386,624,175292
2024,16,1,385,632,175924
2024,16,1,384,615,176539
2024,16,1,383,641,177180
2024,16,1,382,597,177777
2024,16,1,381,634,178411
2024,16,1,380,634,179045
2024,16,1,379,645,179690
2024,16,1,378,642,180332
2024,16,1,377,633,180965
2024,16,1,376,630,181595
2024,16,1,375,580,182175
2024,16,1,374,593,182768
2024,16,1,373,622,183390
2024,16,1,372,605,183995
2024,16,1,371,563,184558
2024,16,1,370,587,185145
2024,16,1,369,600,185745
2024,16,1,368,632,186377
2024,16,1,367,582,186959
2024,16,1,366,580,187539
2024,16,1,365,563,188102
2024,16,1,364,548,188650
2024,16,1,363,567,189217
2024,16,1,362,595,189812
2024,16,1,361,553,190365
2024,16,1,360,546,190911
2024,16,1,359,596,191507
2024,16,1,358,608,192115
2024,16,1,357,541,192656
2024,16,1,356,543,193199
2024,16,1,355,596,193795
2024,16,1,354,532,194327
2024,16,1,353,559,194886
2024,16,1,352,562,195448
2024,16,1,351,566,196014
2024,16,1,350,579,196593
2024,16,1,349,551,197144
2024,16,1,348,569,197713
2024,16,1,347,567,198280
2024,16,1,346,574,198854
2024,16,1,345,602,199456
2024,16,1,344,507,199963
2024,16,1,343,535,200498
2024,16,1,342,567,201065
2024,16,1,341,582,201647
2024,16,1,340,536,202183
2024,16,1,339,541,202724
2024,16,1,338,556,203280
2024,16,1,337,473,203753
2024,16,1,336,533,204286
2024,16,1,335,520,204806
2024,16,1,334,517,205323
2024,16,1,333,529,205852
2024,16,1,332,538,206390
2024,16,1,331,534,206924
2024,16,1,330,502,207426
2024,16,1,329,482,207908
2024,16,1,328,464,208372
2024,16,1,327,517,208889
2024,16,1,326,510,209399
2024,16,1,325,519,209918
2024,16,1,324,500,210418
2024,16,1,323,510,210928
2024,16,1,322,485,211413
2024,16,1,321,486,211899
2024,16,1,320,473,212372
2024,16,1,319,515,212887
2024,16,1,318,493,213380
2024,16,1,317,491,213871
2024,16,1,316,477,214348
2024,16,1,315,478,214826
2024,16,1,314,468,215294
2024,16,1,313,487,215781
2024,16,1,312,465,216246
2024,16,1,311,452,216698
2024,16,1,310,477,217175
2024,16,1,309,474,217649
2024,16,1,308,442,218091
2024,16,1,307,457,218548
2024,16,1,306,451,218999
2024,16,1,305,467,219466
2024,16,1,304,482,219948
2024,16,1,303,458,220406
2024,16,1,302,442,220848
2024,16,1,301,414,221262
2024,16,1,300,442,221704
