year,province_id,subject_category_id,score,count_at_score,cumulative_count
2024,17,1,692,8,57
2024,17,1,691,13,70
2024,17,1,690,4,74
2024,17,1,689,9,83
2024,17,1,688,17,100
2024,17,1,687,17,117
2024,17,1,686,18,135
2024,17,1,685,26,161
2024,17,1,684,16,177
2024,17,1,683,18,195
2024,17,1,682,18,213
2024,17,1,681,33,246
2024,17,1,680,31,277
2024,17,1,679,29,306
2024,17,1,678,37,343
2024,17,1,677,33,376
2024,17,1,676,36,412
2024,17,1,675,34,446
2024,17,1,674,29,475
2024,17,1,673,40,515
2024,17,1,672,43,558
2024,17,1,671,52,610
2024,17,1,670,59,669
2024,17,1,669,39,708
2024,17,1,668,59,767
2024,17,1,667,63,830
2024,17,1,666,57,887
2024,17,1,665,59,946
2024,17,1,664,60,1006
2024,17,1,663,81,1087
2024,17,1,662,57,1144
2024,17,1,661,89,1233
2024,17,1,660,89,1322
2024,17,1,659,89,1411
2024,17,1,658,83,1494
2024,17,1,657,77,1571
2024,17,1,656,88,1659
2024,17,1,655,91,1750
2024,17,1,654,98,1848
2024,17,1,653,110,1958
2024,17,1,652,120,2078
2024,17,1,651,106,2184
2024,17,1,650,100,2284
2024,17,1,649,124,2408
2024,17,1,648,103,2511
2024,17,1,647,99,2610
2024,17,1,646,120,2730
2024,17,1,645,132,2862
2024,17,1,644,118,2980
2024,17,1,643,146,3126
2024,17,1,642,156,3282
2024,17,1,641,157,3439
2024,17,1,640,138,3577
2024,17,1,639,155,3732
2024,17,1,638,180,3912
2024,17,1,637,166,4078
2024,17,1,636,167,4245
2024,17,1,635,191,4436
2024,17,1,634,182,4618
2024,17,1,633,167,4785
2024,17,1,632,207,4992
2024,17,1,631,222,5214
2024,17,1,630,203,5417
2024,17,1,629,220,5637
2024,17,1,628,215,5852
2024,17,1,627,222,6074
2024,17,1,626,240,6314
2024,17,1,625,242,6556
2024,17,1,624,242,6798
2024,17,1,623,240,7038
2024,17,1,622,237,7275
2024,17,1,621,238,7513
2024,17,1,620,270,7783
2024,17,1,619,258,8041
2024,17,1,618,259,8300
2024,17,1,617,276,8576
2024,17,1,616,314,8890
2024,17,1,615,283,9173
2024,17,1,614,305,9478
2024,17,1,613,322,9800
2024,17,1,612,269,10069
2024,17,1,611,313,10382
2024,17,1,610,320,10702
2024,17,1,609,335,11037
2024,17,1,608,338,11375
2024,17,1,607,332,11707
2024,17,1,606,346,12053
2024,17,1,605,373,12426
2024,17,1,604,362,12788
2024,17,1,603,341,13129
2024,17,1,602,320,13449
2024,17,1,601,372,13821
2024,17,1,600,375,14196
2024,17,1,599,390,14586
2024,17,1,598,406,14992
2024,17,1,597,391,15383
2024,17,1,596,412,15795
2024,17,1,595,408,16203
2024,17,1,594,385,16588
2024,17,1,593,390,16978
2024,17,1,592,420,17398
2024,17,1,591,428,17826
2024,17,1,590,453,18279
2024,17,1,589,426,18705
2024,17,1,588,459,19164
2024,17,1,587,447,19611
2024,17,1,586,449,20060
2024,17,1,585,483,20543
2024,17,1,584,466,21009
2024,17,1,583,506,21515
2024,17,1,582,497,22012
2024,17,1,581,504,22516
2024,17,1,580,545,23061
2024,17,1,579,523,23584
2024,17,1,578,540,24124
2024,17,1,577,528,24652
2024,17,1,576,486,25138
2024,17,1,575,543,25681
2024,17,1,574,533,26214
2024,17,1,573,517,26731
2024,17,1,572,549,27280
2024,17,1,571,575,27855
2024,17,1,570,553,28408
2024,17,1,569,596,29004
2024,17,1,568,579,29583
2024,17,1,567,573,30156
2024,17,1,566,582,30738
2024,17,1,565,574,31312
2024,17,1,564,632,31944
2024,17,1,563,676,32620
2024,17,1,562,616,33236
2024,17,1,561,644,33880
2024,17,1,560,653,34533
2024,17,1,559,622,35155
2024,17,1,558,643,35798
2024,17,1,557,648,36446
2024,17,1,556,673,37119
2024,17,1,555,692,37811
2024,17,1,554,682,38493
2024,17,1,553,650,39143
2024,17,1,552,732,39875
2024,17,1,551,707,40582
2024,17,1,550,703,41285
2024,17,1,549,723,42008
2024,17,1,548,741,42749
2024,17,1,547,737,43486
2024,17,1,546,763,44249
2024,17,1,545,749,44998
2024,17,1,544,815,45813
2024,17,1,543,772,46585
2024,17,1,542,782,47367
2024,17,1,541,747,48114
2024,17,1,540,811,48925
2024,17,1,539,821,49746
2024,17,1,538,816,50562
2024,17,1,537,802,51364
2024,17,1,536,863,52227
2024,17,1,535,859,53086
2024,17,1,534,895,53981
2024,17,1,533,861,54842
2024,17,1,532,855,55697
2024,17,1,531,876,56573
2024,17,1,530,918,57491
2024,17,1,529,926,58417
2024,17,1,528,896,59313
2024,17,1,527,887,60200
2024,17,1,526,897,61097
2024,17,1,525,961,62058
2024,17,1,524,975,63033
2024,17,1,523,956,63989
2024,17,1,522,982,64971
2024,17,1,521,982,65953
2024,17,1,520,973,66926
2024,17,1,519,1046,67972
2024,17,1,518,1008,68980
2024,17,1,517,962,69942
2024,17,1,516,1023,70965
2024,17,1,515,1070,72035
2024,17,1,514,1033,73068
2024,17,1,513,1057,74125
2024,17,1,512,1045,75170
2024,17,1,511,1095,76265
2024,17,1,510,996,77261
2024,17,1,509,1079,78340
2024,17,1,508,1089,79429
2024,17,1,507,1100,80529
2024,17,1,506,1069,81598
2024,17,1,505,1106,82704
2024,17,1,504,1131,83835
2024,17,1,503,1068,84903
2024,17,1,502,1174,86077
2024,17,1,501,1147,87224
2024,17,1,500,1120,88344
2024,17,1,499,1140,89484
2024,17,1,498,1164,90648
2024,17,1,497,1172,91820
2024,17,1,496,1227,93047
2024,17,1,495,1193,94240
2024,17,1,494,1187,95427
2024,17,1,493,1214,96641
2024,17,1,492,1167,97808
2024,17,1,491,1195,99003
2024,17,1,490,1258,100261
2024,17,1,489,1217,101478
2024,17,1,488,1231,102709
2024,17,1,487,1313,104022
2024,17,1,486,1261,105283
2024,17,1,485,1281,106564
2024,17,1,484,1273,107837
2024,17,1,483,1222,109059
2024,17,1,482,1299,110358
2024,17,1,481,1262,111620
2024,17,1,480,1328,112948
2024,17,1,479,1348,114296
2024,17,1,478,1266,115562
2024,17,1,477,1243,116805
2024,17,1,476,1367,118172
2024,17,1,475,1366,119538
2024,17,1,474,1251,120789
2024,17,1,473,1308,122097
2024,17,1,472,1343,123440
2024,17,1,471,1299,124739
2024,17,1,470,1384,126123
2024,17,1,469,1384,127507
2024,17,1,468,1281,128788
2024,17,1,467,1295,130083
2024,17,1,466,1400,131483
2024,17,1,465,1366,132849
2024,17,1,464,1328,134177
2024,17,1,463,1374,135551
2024,17,1,462,1355,136906
2024,17,1,461,1421,138327
2024,17,1,460,1352,139679
2024,17,1,459,1379,141058
2024,17,1,458,1361,142419
2024,17,1,457,1363,143782
2024,17,1,456,1373,145155
2024,17,1,455,1400,146555
2024,17,1,454,1372,147927
2024,17,1,453,1313,149240
2024,17,1,452,1339,150579
2024,17,1,451,1340,151919
2024,17,1,450,1370,153289
2024,17,1,449,1335,154624
2024,17,1,448,1323,155947
2024,17,1,447,1342,157289
2024,17,1,446,1335,158624
2024,17,1,445,1322,159946
2024,17,1,444,1305,161251
2024,17,1,443,1346,162597
2024,17,1,442,1334,163931
2024,17,1,441,1360,165291
2024,17,1,440,1390,166681
2024,17,1,439,1301,167982
2024,17,1,438,1369,169351
2024,17,1,437,1308,170659
2024,17,1,436,1275,171934
2024,17,1,435,1291,173225
2024,17,1,434,1345,174570
2024,17,1,433,1294,175864
2024,17,1,432,1326,177190
2024,17,1,431,1305,178495
2024,17,1,430,1276,179771
2024,17,1,429,1332,181103
2024,17,1,428,1229,182332
2024,17,1,427,1284,183616
2024,17,1,426,1340,184956
2024,17,1,425,1267,186223
2024,17,1,424,1236,187459
2024,17,1,423,1257,188716
2024,17,1,422,1250,189966
2024,17,1,421,1184,191150
2024,17,1,420,1232,192382
2024,17,1,419,1277,193659
2024,17,1,418,1259,194918
2024,17,1,417,1202,196120
2024,17,1,416,1164,197284
2024,17,1,415,1165,198449
2024,17,1,414,1172,199621
2024,17,1,413,1209,200830
2024,17,1,412,1159,201989
2024,17,1,411,1167,203156
2024,17,1,410,1146,204302
2024,17,1,409,1171,205473
2024,17,1,408,1137,206610
2024,17,1,407,1170,207780
2024,17,1,406,1114,208894
2024,17,1,405,1121,210015
2024,17,1,404,1116,211131
2024,17,1,403,1123,212254
2024,17,1,402,1036,213290
2024,17,1,401,1113,214403
2024,17,1,400,1037,215440
2024,17,1,399,1111,216551
2024,17,1,398,1025,217576
2024,17,1,397,1024,218600
2024,17,1,396,1000,219600
2024,17,1,395,1044,220644
2024,17,1,394,1044,221688
2024,17,1,393,1038,222726
2024,17,1,392,988,223714
2024,17,1,391,1038,224752
2024,17,1,390,1012,225764
2024,17,1,389,952,226716
2024,17,1,388,988,227704
2024,17,1,387,985,228689
2024,17,1,386,974,229663
2024,17,1,385,977,230640
2024,17,1,384,977,231617
2024,17,1,383,927,232544
2024,17,1,382,959,233503
2024,17,1,381,944,234447
2024,17,1,380,899,235346
2024,17,1,379,942,236288
2024,17,1,378,937,237225
2024,17,1,377,923,238148
2024,17,1,376,887,239035
2024,17,1,375,858,239893
2024,17,1,374,894,240787
2024,17,1,373,882,241669
2024,17,1,372,925,242594
2024,17,1,371,856,243450
2024,17,1,370,852,244302
2024,17,1,369,806,245108
2024,17,1,368,832,245940
2024,17,1,367,856,246796
2024,17,1,366,838,247634
2024,17,1,365,871,248505
2024,17,1,364,803,249308
2024,17,1,363,877,250185
2024,17,1,362,797,250982
2024,17,1,361,755,251737
2024,17,1,360,784,252521
2024,17,1,359,786,253307
2024,17,1,358,799,254106
2024,17,1,357,851,254957
2024,17,1,356,780,255737
2024,17,1,355,735,256472
2024,17,1,354,747,257219
2024,17,1,353,735,257954
2024,17,1,352,736,258690
2024,17,1,351,721,259411
2024,17,1,350,701,260112
2024,17,1,349,763,260875
2024,17,1,348,697,261572
2024,17,1,347,716,262288
2024,17,1,346,723,263011
2024,17,1,345,762,263773
2024,17,1,344,701,264474
2024,17,1,343,693,265167
2024,17,1,342,648,265815
2024,17,1,341,645,266460
2024,17,1,340,692,267152
2024,17,1,339,631,267783
2024,17,1,338,655,268438
2024,17,1,337,669,269107
2024,17,1,336,627,269734
2024,17,1,335,620,270354
2024,17,1,334,597,270951
2024,17,1,333,621,271572
2024,17,1,332,602,272174
2024,17,1,331,589,272763
2024,17,1,330,603,273366
2024,17,1,329,597,273963
2024,17,1,328,559,274522
2024,17,1,327,569,275091
2024,17,1,326,574,275665
2024,17,1,325,612,276277
2024,17,1,324,582,276859
2024,17,1,323,537,277396
2024,17,1,322,575,277971
2024,17,1,321,532,278503
2024,17,1,320,529,279032
2024,17,1,319,572,279604
2024,17,1,318,530,280134
2024,17,1,317,496,280630
2024,17,1,316,519,281149
2024,17,1,315,509,281658
2024,17,1,314,544,282202
2024,17,1,313,521,282723
2024,17,1,312,498,283221
2024,17,1,311,460,283681
2024,17,1,310,480,284161
2024,17,1,309,498,284659
2024,17,1,308,488,285147
2024,17,1,307,521,285668
2024,17,1,306,455,286123
2024,17,1,305,469,286592
2024,17,1,304,507,287099
2024,17,1,303,443,287542
2024,17,1,302,452,287994
2024,17,1,301,447,288441
2024,17,1,300,453,288894
