year,province_id,subject_category_id,score,count_at_score,cumulative_count
2024,24,2,652,35,35
2024,24,2,651,2,37
2024,24,2,650,5,42
2024,24,2,649,1,43
2024,24,2,648,4,47
2024,24,2,647,7,54
2024,24,2,646,10,64
2024,24,2,645,6,70
2024,24,2,644,3,73
2024,24,2,643,11,84
2024,24,2,642,3,87
2024,24,2,641,6,93
2024,24,2,640,6,99
2024,24,2,639,6,105
2024,24,2,638,7,112
2024,24,2,637,10,122
2024,24,2,636,16,138
2024,24,2,635,9,147
2024,24,2,634,7,154
2024,24,2,633,7,161
2024,24,2,632,12,173
2024,24,2,631,7,180
2024,24,2,630,5,185
2024,24,2,629,8,193
2024,24,2,628,19,212
2024,24,2,627,19,231
2024,24,2,626,12,243
2024,24,2,625,10,253
2024,24,2,624,15,268
2024,24,2,623,17,285
2024,24,2,622,16,301
2024,24,2,621,15,316
2024,24,2,620,16,332
2024,24,2,619,20,352
2024,24,2,618,15,367
2024,24,2,617,20,387
2024,24,2,616,18,405
2024,24,2,615,27,432
2024,24,2,614,14,446
2024,24,2,613,19,465
2024,24,2,612,23,488
2024,24,2,611,20,508
2024,24,2,610,22,530
2024,24,2,609,21,551
2024,24,2,608,22,573
2024,24,2,607,18,591
2024,24,2,606,26,617
2024,24,2,605,26,643
2024,24,2,604,21,664
2024,24,2,603,33,697
2024,24,2,602,21,718
2024,24,2,601,22,740
2024,24,2,600,26,766
2024,24,2,599,26,792
2024,24,2,598,29,821
2024,24,2,597,31,852
2024,24,2,596,26,878
2024,24,2,595,21,899
2024,24,2,594,32,931
2024,24,2,593,26,957
2024,24,2,592,30,987
2024,24,2,591,37,1024
2024,24,2,590,31,1055
2024,24,2,589,44,1099
2024,24,2,588,32,1131
2024,24,2,587,42,1173
2024,24,2,586,46,1219
2024,24,2,585,35,1254
2024,24,2,584,55,1309
2024,24,2,583,46,1355
2024,24,2,582,36,1391
2024,24,2,581,50,1441
2024,24,2,580,44,1485
2024,24,2,579,34,1519
2024,24,2,578,42,1561
2024,24,2,577,42,1603
2024,24,2,576,52,1655
2024,24,2,575,45,1700
2024,24,2,574,53,1753
2024,24,2,573,45,1798
2024,24,2,572,41,1839
2024,24,2,571,65,1904
2024,24,2,570,55,1959
2024,24,2,569,51,2010
2024,24,2,568,68,2078
2024,24,2,567,65,2143
2024,24,2,566,49,2192
2024,24,2,565,46,2238
2024,24,2,564,70,2308
2024,24,2,563,74,2382
2024,24,2,562,59,2441
2024,24,2,561,63,2504
2024,24,2,560,55,2559
2024,24,2,559,64,2623
2024,24,2,558,58,2681
2024,24,2,557,75,2756
2024,24,2,556,66,2822
2024,24,2,555,75,2897
2024,24,2,554,68,2965
2024,24,2,553,79,3044
2024,24,2,552,77,3121
2024,24,2,551,61,3182
2024,24,2,550,75,3257
2024,24,2,549,73,3330
2024,24,2,548,90,3420
2024,24,2,547,84,3504
2024,24,2,546,73,3577
2024,24,2,545,83,3660
2024,24,2,544,84,3744
2024,24,2,543,84,3828
2024,24,2,542,106,3934
2024,24,2,541,86,4020
2024,24,2,540,80,4100
2024,24,2,539,97,4197
2024,24,2,538,89,4286
2024,24,2,537,89,4375
2024,24,2,536,99,4474
2024,24,2,535,105,4579
2024,24,2,534,116,4695
2024,24,2,533,96,4791
2024,24,2,532,99,4890
2024,24,2,531,95,4985
2024,24,2,530,110,5095
2024,24,2,529,104,5199
2024,24,2,528,107,5306
2024,24,2,527,110,5416
2024,24,2,526,127,5543
2024,24,2,525,103,5646
2024,24,2,524,124,5770
2024,24,2,523,90,5860
2024,24,2,522,140,6000
2024,24,2,521,117,6117
2024,24,2,520,112,6229
2024,24,2,519,124,6353
2024,24,2,518,123,6476
2024,24,2,517,120,6596
2024,24,2,516,113,6709
2024,24,2,515,118,6827
2024,24,2,514,145,6972
2024,24,2,513,129,7101
2024,24,2,512,108,7209
2024,24,2,511,154,7363
2024,24,2,510,125,7488
2024,24,2,509,120,7608
2024,24,2,508,136,7744
2024,24,2,507,143,7887
2024,24,2,506,143,8030
2024,24,2,505,130,8160
2024,24,2,504,151,8311
2024,24,2,503,137,8448
2024,24,2,502,158,8606
2024,24,2,501,136,8742
2024,24,2,500,163,8905
2024,24,2,499,169,9074
2024,24,2,498,125,9199
2024,24,2,497,151,9350
2024,24,2,496,154,9504
2024,24,2,495,153,9657
2024,24,2,494,161,9818
2024,24,2,493,125,9943
2024,24,2,492,164,10107
2024,24,2,491,161,10268
2024,24,2,490,154,10422
2024,24,2,489,180,10602
2024,24,2,488,173,10775
2024,24,2,487,176,10951
2024,24,2,486,171,11122
2024,24,2,485,165,11287
2024,24,2,484,163,11450
2024,24,2,483,158,11608
2024,24,2,482,175,11783
2024,24,2,481,152,11935
2024,24,2,480,182,12117
2024,24,2,479,177,12294
2024,24,2,478,167,12461
2024,24,2,477,175,12636
2024,24,2,476,211,12847
2024,24,2,475,187,13034
2024,24,2,474,177,13211
2024,24,2,473,161,13372
2024,24,2,472,152,13524
2024,24,2,471,173,13697
2024,24,2,470,166,13863
2024,24,2,469,179,14042
2024,24,2,468,179,14221
2024,24,2,467,202,14423
2024,24,2,466,185,14608
2024,24,2,465,175,14783
2024,24,2,464,179,14962
2024,24,2,463,166,15128
2024,24,2,462,185,15313
2024,24,2,461,173,15486
2024,24,2,460,166,15652
2024,24,2,459,180,15832
2024,24,2,458,185,16017
2024,24,2,457,176,16193
2024,24,2,456,183,16376
2024,24,2,455,199,16575
2024,24,2,454,177,16752
2024,24,2,453,203,16955
2024,24,2,452,179,17134
2024,24,2,451,167,17301
2024,24,2,450,234,17535
2024,24,2,449,176,17711
2024,24,2,448,198,17909
2024,24,2,447,210,18119
2024,24,2,446,202,18321
2024,24,2,445,204,18525
2024,24,2,444,177,18702
2024,24,2,443,218,18920
2024,24,2,442,215,19135
2024,24,2,441,202,19337
2024,24,2,440,190,19527
2024,24,2,439,218,19745
2024,24,2,438,202,19947
2024,24,2,437,238,20185
2024,24,2,436,222,20407
2024,24,2,435,216,20623
2024,24,2,434,225,20848
2024,24,2,433,212,21060
2024,24,2,432,215,21275
2024,24,2,431,222,21497
2024,24,2,430,229,21726
2024,24,2,429,215,21941
2024,24,2,428,229,22170
2024,24,2,427,212,22382
2024,24,2,426,242,22624
2024,24,2,425,244,22868
2024,24,2,424,198,23066
2024,24,2,423,239,23305
2024,24,2,422,235,23540
2024,24,2,421,233,23773
2024,24,2,420,229,24002
2024,24,2,419,206,24208
2024,24,2,418,220,24428
2024,24,2,417,225,24653
2024,24,2,416,238,24891
2024,24,2,415,210,25101
2024,24,2,414,227,25328
2024,24,2,413,218,25546
2024,24,2,412,222,25768
2024,24,2,411,242,26010
2024,24,2,410,210,26220
2024,24,2,409,221,26441
2024,24,2,408,215,26656
2024,24,2,407,255,26911
2024,24,2,406,233,27144
2024,24,2,405,238,27382
2024,24,2,404,239,27621
2024,24,2,403,241,27862
2024,24,2,402,248,28110
2024,24,2,401,239,28349
2024,24,2,400,234,28583
2024,24,2,399,247,28830
2024,24,2,398,236,29066
2024,24,2,397,249,29315
2024,24,2,396,249,29564
2024,24,2,395,241,29805
2024,24,2,394,236,30041
2024,24,2,393,256,30297
2024,24,2,392,258,30555
2024,24,2,391,229,30784
2024,24,2,390,246,31030
2024,24,2,389,229,31259
2024,24,2,388,221,31480
2024,24,2,387,260,31740
2024,24,2,386,273,32013
2024,24,2,385,241,32254
2024,24,2,384,279,32533
2024,24,2,383,250,32783
2024,24,2,382,251,33034
2024,24,2,381,268,33302
2024,24,2,380,284,33586
2024,24,2,379,245,33831
2024,24,2,378,230,34061
2024,24,2,377,265,34326
2024,24,2,376,293,34619
2024,24,2,375,270,34889
2024,24,2,374,272,35161
2024,24,2,373,260,35421
2024,24,2,372,293,35714
2024,24,2,371,245,35959
2024,24,2,370,301,36260
2024,24,2,369,270,36530
2024,24,2,368,259,36789
2024,24,2,367,257,37046
2024,24,2,366,253,37299
2024,24,2,365,267,37566
2024,24,2,364,265,37831
2024,24,2,363,290,38121
2024,24,2,362,272,38393
2024,24,2,361,285,38678
2024,24,2,360,268,38946
2024,24,2,359,272,39218
2024,24,2,358,258,39476
2024,24,2,357,275,39751
2024,24,2,356,270,40021
2024,24,2,355,263,40284
2024,24,2,354,279,40563
2024,24,2,353,311,40874
2024,24,2,352,292,41166
2024,24,2,351,258,41424
2024,24,2,350,297,41721
2024,24,2,349,262,41983
2024,24,2,348,272,42255
2024,24,2,347,242,42497
2024,24,2,346,240,42737
2024,24,2,345,256,42993
2024,24,2,344,237,43230
2024,24,2,343,261,43491
2024,24,2,342,263,43754
2024,24,2,341,249,44003
2024,24,2,340,260,44263
2024,24,2,339,259,44522
2024,24,2,338,253,44775
2024,24,2,337,288,45063
2024,24,2,336,253,45316
2024,24,2,335,294,45610
2024,24,2,334,265,45875
2024,24,2,333,246,46121
2024,24,2,332,233,46354
2024,24,2,331,228,46582
2024,24,2,330,265,46847
2024,24,2,329,256,47103
2024,24,2,328,250,47353
2024,24,2,327,232,47585
2024,24,2,326,251,47836
2024,24,2,325,245,48081
2024,24,2,324,241,48322
2024,24,2,323,220,48542
2024,24,2,322,222,48764
2024,24,2,321,212,48976
2024,24,2,320,214,49190
2024,24,2,319,216,49406
2024,24,2,318,208,49614
2024,24,2,317,236,49850
2024,24,2,316,196,50046
2024,24,2,315,203,50249
2024,24,2,314,208,50457
2024,24,2,313,204,50661
2024,24,2,312,186,50847
2024,24,2,311,194,51041
2024,24,2,310,168,51209
2024,24,2,309,201,51410
2024,24,2,308,198,51608
2024,24,2,307,193,51801
2024,24,2,306,182,51983
2024,24,2,305,179,52162
2024,24,2,304,184,52346
2024,24,2,303,184,52530
2024,24,2,302,156,52686
2024,24,2,301,145,52831
2024,24,2,300,154,52985
2024,24,2,299,167,53152
2024,24,2,298,135,53287
2024,24,2,297,151,53438
2024,24,2,296,132,53570
2024,24,2,295,156,53726
2024,24,2,294,140,53866
2024,24,2,293,128,53994
2024,24,2,292,126,54120
2024,24,2,291,137,54257
2024,24,2,290,120,54377
2024,24,2,289,139,54516
2024,24,2,288,114,54630
2024,24,2,287,124,54754
2024,24,2,286,136,54890
2024,24,2,285,108,54998
2024,24,2,284,113,55111
2024,24,2,283,117,55228
2024,24,2,282,112,55340
2024,24,2,281,107,55447
2024,24,2,280,125,55572
2024,24,2,279,101,55673
2024,24,2,278,103,55776
2024,24,2,277,98,55874
2024,24,2,276,81,55955
2024,24,2,275,95,56050
2024,24,2,274,96,56146
2024,24,2,273,88,56234
2024,24,2,272,80,56314
2024,24,2,271,82,56396
2024,24,2,270,94,56490
2024,24,2,269,70,56560
2024,24,2,268,95,56655
2024,24,2,267,70,56725
2024,24,2,266,77,56802
2024,24,2,265,92,56894
2024,24,2,264,73,56967
2024,24,2,263,80,57047
2024,24,2,262,71,57118
2024,24,2,261,82,57200
2024,24,2,260,63,57263
2024,24,2,259,71,57334
2024,24,2,258,65,57399
2024,24,2,257,57,57456
2024,24,2,256,62,57518
2024,24,2,255,59,57577
2024,24,2,254,47,57624
2024,24,2,253,55,57679
2024,24,2,252,52,57731
2024,24,2,251,51,57782
2024,24,2,250,50,57832
2024,24,2,249,43,57875
2024,24,2,248,37,57912
2024,24,2,247,43,57955
2024,24,2,246,48,58003
2024,24,2,245,54,58057
2024,24,2,244,31,58088
2024,24,2,243,39,58127
2024,24,2,242,40,58167
2024,24,2,241,37,58204
2024,24,2,240,29,58233
2024,24,2,239,51,58284
2024,24,2,238,22,58306
2024,24,2,237,19,58325
2024,24,2,236,39,58364
2024,24,2,235,35,58399
2024,24,2,234,32,58431
2024,24,2,233,30,58461
2024,24,2,232,35,58496
2024,24,2,231,28,58524
2024,24,2,230,21,58545
2024,24,2,229,31,58576
2024,24,2,228,27,58603
2024,24,2,227,25,58628
2024,24,2,226,34,58662
2024,24,2,225,24,58686
2024,24,2,224,36,58722
2024,24,2,223,23,58745
2024,24,2,222,24,58769
2024,24,2,221,25,58794
2024,24,2,220,16,58810
2024,24,2,219,27,58837
2024,24,2,218,29,58866
2024,24,2,217,20,58886
2024,24,2,216,21,58907
2024,24,2,215,22,58929
2024,24,2,214,15,58944
2024,24,2,213,15,58959
2024,24,2,212,21,58980
2024,24,2,211,8,58988
2024,24,2,210,12,59000
2024,24,2,209,13,59013
2024,24,2,208,24,59037
2024,24,2,207,14,59051
2024,24,2,206,14,59065
2024,24,2,205,16,59081
2024,24,2,204,10,59091
2024,24,2,203,18,59109
2024,24,2,202,7,59116
2024,24,2,201,8,59124
2024,24,2,200,13,59137
