year,province_id,subject_category_id,score,count_at_score,cumulative_count
2024,24,1,682,35,35
2024,24,1,681,6,41
2024,24,1,680,5,46
2024,24,1,679,8,54
2024,24,1,678,9,63
2024,24,1,677,5,68
2024,24,1,676,13,81
2024,24,1,675,7,88
2024,24,1,674,11,99
2024,24,1,673,10,109
2024,24,1,672,10,119
2024,24,1,671,10,129
2024,24,1,670,18,147
2024,24,1,669,15,162
2024,24,1,668,15,177
2024,24,1,667,22,199
2024,24,1,666,21,220
2024,24,1,665,30,250
2024,24,1,664,19,269
2024,24,1,663,23,292
2024,24,1,662,25,317
2024,24,1,661,24,341
2024,24,1,660,29,370
2024,24,1,659,23,393
2024,24,1,658,24,417
2024,24,1,657,22,439
2024,24,1,656,22,461
2024,24,1,655,24,485
2024,24,1,654,44,529
2024,24,1,653,39,568
2024,24,1,652,39,607
2024,24,1,651,36,643
2024,24,1,650,33,676
2024,24,1,649,36,712
2024,24,1,648,37,749
2024,24,1,647,43,792
2024,24,1,646,28,820
2024,24,1,645,48,868
2024,24,1,644,49,917
2024,24,1,643,54,971
2024,24,1,642,46,1017
2024,24,1,641,47,1064
2024,24,1,640,48,1112
2024,24,1,639,50,1162
2024,24,1,638,56,1218
2024,24,1,637,70,1288
2024,24,1,636,71,1359
2024,24,1,635,71,1430
2024,24,1,634,69,1499
2024,24,1,633,79,1578
2024,24,1,632,74,1652
2024,24,1,631,90,1742
2024,24,1,630,78,1820
2024,24,1,629,68,1888
2024,24,1,628,63,1951
2024,24,1,627,91,2042
2024,24,1,626,92,2134
2024,24,1,625,78,2212
2024,24,1,624,84,2296
2024,24,1,623,98,2394
2024,24,1,622,99,2493
2024,24,1,621,97,2590
2024,24,1,620,103,2693
2024,24,1,619,89,2782
2024,24,1,618,121,2903
2024,24,1,617,120,3023
2024,24,1,616,100,3123
2024,24,1,615,103,3226
2024,24,1,614,104,3330
2024,24,1,613,121,3451
2024,24,1,612,128,3579
2024,24,1,611,120,3699
2024,24,1,610,108,3807
2024,24,1,609,132,3939
2024,24,1,608,136,4075
2024,24,1,607,119,4194
2024,24,1,606,128,4322
2024,24,1,605,126,4448
2024,24,1,604,140,4588
2024,24,1,603,120,4708
2024,24,1,602,130,4838
2024,24,1,601,128,4966
2024,24,1,600,129,5095
2024,24,1,599,171,5266
2024,24,1,598,177,5443
2024,24,1,597,163,5606
2024,24,1,596,162,5768
2024,24,1,595,167,5935
2024,24,1,594,145,6080
2024,24,1,593,160,6240
2024,24,1,592,168,6408
2024,24,1,591,172,6580
2024,24,1,590,185,6765
2024,24,1,589,185,6950
2024,24,1,588,170,7120
2024,24,1,587,185,7305
2024,24,1,586,161,7466
2024,24,1,585,180,7646
2024,24,1,584,177,7823
2024,24,1,583,200,8023
2024,24,1,582,207,8230
2024,24,1,581,185,8415
2024,24,1,580,200,8615
2024,24,1,579,205,8820
2024,24,1,578,177,8997
2024,24,1,577,206,9203
2024,24,1,576,226,9429
2024,24,1,575,211,9640
2024,24,1,574,204,9844
2024,24,1,573,247,10091
2024,24,1,572,220,10311
2024,24,1,571,217,10528
2024,24,1,570,251,10779
2024,24,1,569,235,11014
2024,24,1,568,253,11267
2024,24,1,567,263,11530
2024,24,1,566,234,11764
2024,24,1,565,225,11989
2024,24,1,564,207,12196
2024,24,1,563,246,12442
2024,24,1,562,240,12682
2024,24,1,561,244,12926
2024,24,1,560,246,13172
2024,24,1,559,268,13440
2024,24,1,558,268,13708
2024,24,1,557,258,13966
2024,24,1,556,250,14216
2024,24,1,555,265,14481
2024,24,1,554,277,14758
2024,24,1,553,268,15026
2024,24,1,552,275,15301
2024,24,1,551,263,15564
2024,24,1,550,261,15825
2024,24,1,549,289,16114
2024,24,1,548,305,16419
2024,24,1,547,287,16706
2024,24,1,546,304,17010
2024,24,1,545,291,17301
2024,24,1,544,297,17598
2024,24,1,543,277,17875
2024,24,1,542,289,18164
2024,24,1,541,299,18463
2024,24,1,540,289,18752
2024,24,1,539,327,19079
2024,24,1,538,296,19375
2024,24,1,537,315,19690
2024,24,1,536,312,20002
2024,24,1,535,323,20325
2024,24,1,534,305,20630
2024,24,1,533,320,20950
2024,24,1,532,306,21256
2024,24,1,531,302,21558
2024,24,1,530,336,21894
2024,24,1,529,335,22229
2024,24,1,528,302,22531
2024,24,1,527,347,22878
2024,24,1,526,353,23231
2024,24,1,525,333,23564
2024,24,1,524,345,23909
2024,24,1,523,342,24251
2024,24,1,522,316,24567
2024,24,1,521,363,24930
2024,24,1,520,348,25278
2024,24,1,519,332,25610
2024,24,1,518,396,26006
2024,24,1,517,386,26392
2024,24,1,516,392,26784
2024,24,1,515,337,27121
2024,24,1,514,394,27515
2024,24,1,513,359,27874
2024,24,1,512,368,28242
2024,24,1,511,367,28609
2024,24,1,510,348,28957
2024,24,1,509,371,29328
2024,24,1,508,396,29724
2024,24,1,507,369,30093
2024,24,1,506,386,30479
2024,24,1,505,372,30851
2024,24,1,504,400,31251
2024,24,1,503,370,31621
2024,24,1,502,395,32016
2024,24,1,501,389,32405
2024,24,1,500,400,32805
2024,24,1,499,395,33200
2024,24,1,498,391,33591
2024,24,1,497,393,33984
2024,24,1,496,377,34361
2024,24,1,495,434,34795
2024,24,1,494,394,35189
2024,24,1,493,404,35593
2024,24,1,492,399,35992
2024,24,1,491,430,36422
2024,24,1,490,426,36848
2024,24,1,489,381,37229
2024,24,1,488,413,37642
2024,24,1,487,430,38072
2024,24,1,486,397,38469
2024,24,1,485,437,38906
2024,24,1,484,441,39347
2024,24,1,483,402,39749
2024,24,1,482,399,40148
2024,24,1,481,441,40589
2024,24,1,480,468,41057
2024,24,1,479,445,41502
2024,24,1,478,439,41941
2024,24,1,477,465,42406
2024,24,1,476,430,42836
2024,24,1,475,435,43271
2024,24,1,474,415,43686
2024,24,1,473,448,44134
2024,24,1,472,411,44545
2024,24,1,471,440,44985
2024,24,1,470,435,45420
2024,24,1,469,462,45882
2024,24,1,468,448,46330
2024,24,1,467,434,46764
2024,24,1,466,467,47231
2024,24,1,465,457,47688
2024,24,1,464,409,48097
2024,24,1,463,454,48551
2024,24,1,462,494,49045
2024,24,1,461,483,49528
2024,24,1,460,471,49999
2024,24,1,459,439,50438
2024,24,1,458,422,50860
2024,24,1,457,481,51341
2024,24,1,456,483,51824
2024,24,1,455,451,52275
2024,24,1,454,483,52758
2024,24,1,453,440,53198
2024,24,1,452,491,53689
2024,24,1,451,478,54167
2024,24,1,450,472,54639
2024,24,1,449,482,55121
2024,24,1,448,449,55570
2024,24,1,447,518,56088
2024,24,1,446,501,56589
2024,24,1,445,473,57062
2024,24,1,444,500,57562
2024,24,1,443,469,58031
2024,24,1,442,468,58499
2024,24,1,441,510,59009
2024,24,1,440,503,59512
2024,24,1,439,459,59971
2024,24,1,438,504,60475
2024,24,1,437,487,60962
2024,24,1,436,451,61413
2024,24,1,435,482,61895
2024,24,1,434,481,62376
2024,24,1,433,510,62886
2024,24,1,432,455,63341
2024,24,1,431,439,63780
2024,24,1,430,486,64266
2024,24,1,429,500,64766
2024,24,1,428,489,65255
2024,24,1,427,473,65728
2024,24,1,426,465,66193
2024,24,1,425,456,66649
2024,24,1,424,474,67123
2024,24,1,423,494,67617
2024,24,1,422,498,68115
2024,24,1,421,445,68560
2024,24,1,420,475,69035
2024,24,1,419,488,69523
2024,24,1,418,420,69943
2024,24,1,417,485,70428
2024,24,1,416,428,70856
2024,24,1,415,508,71364
2024,24,1,414,450,71814
2024,24,1,413,438,72252
2024,24,1,412,480,72732
2024,24,1,411,478,73210
2024,24,1,410,434,73644
2024,24,1,409,443,74087
2024,24,1,408,481,74568
2024,24,1,407,460,75028
2024,24,1,406,459,75487
2024,24,1,405,485,75972
2024,24,1,404,428,76400
2024,24,1,403,412,76812
2024,24,1,402,487,77299
2024,24,1,401,444,77743
2024,24,1,400,449,78192
2024,24,1,399,489,78681
2024,24,1,398,447,79128
2024,24,1,397,443,79571
2024,24,1,396,407,79978
2024,24,1,395,429,80407
2024,24,1,394,416,80823
2024,24,1,393,463,81286
2024,24,1,392,451,81737
2024,24,1,391,434,82171
2024,24,1,390,428,82599
2024,24,1,389,468,83067
2024,24,1,388,430,83497
2024,24,1,387,431,83928
2024,24,1,386,375,84303
2024,24,1,385,410,84713
2024,24,1,384,417,85130
2024,24,1,383,391,85521
2024,24,1,382,382,85903
2024,24,1,381,422,86325
2024,24,1,380,442,86767
2024,24,1,379,359,87126
2024,24,1,378,409,87535
2024,24,1,377,415,87950
2024,24,1,376,394,88344
2024,24,1,375,405,88749
2024,24,1,374,401,89150
2024,24,1,373,381,89531
2024,24,1,372,369,89900
2024,24,1,371,364,90264
2024,24,1,370,358,90622
2024,24,1,369,351,90973
2024,24,1,368,326,91299
2024,24,1,367,337,91636
2024,24,1,366,341,91977
2024,24,1,365,346,92323
2024,24,1,364,361,92684
2024,24,1,363,343,93027
2024,24,1,362,337,93364
2024,24,1,361,332,93696
2024,24,1,360,350,94046
2024,24,1,359,325,94371
2024,24,1,358,321,94692
2024,24,1,357,349,95041
2024,24,1,356,329,95370
2024,24,1,355,330,95700
2024,24,1,354,305,96005
2024,24,1,353,319,96324
2024,24,1,352,345,96669
2024,24,1,351,319,96988
2024,24,1,350,306,97294
2024,24,1,349,321,97615
2024,24,1,348,293,97908
2024,24,1,347,282,98190
2024,24,1,346,291,98481
2024,24,1,345,293,98774
2024,24,1,344,281,99055
2024,24,1,343,268,99323
2024,24,1,342,273,99596
2024,24,1,341,311,99907
2024,24,1,340,265,100172
2024,24,1,339,278,100450
2024,24,1,338,307,100757
2024,24,1,337,265,101022
2024,24,1,336,278,101300
2024,24,1,335,275,101575
2024,24,1,334,247,101822
2024,24,1,333,273,102095
2024,24,1,332,249,102344
2024,24,1,331,258,102602
2024,24,1,330,230,102832
2024,24,1,329,245,103077
2024,24,1,328,246,103323
2024,24,1,327,229,103552
2024,24,1,326,219,103771
2024,24,1,325,247,104018
2024,24,1,324,258,104276
2024,24,1,323,243,104519
2024,24,1,322,247,104766
2024,24,1,321,203,104969
2024,24,1,320,214,105183
2024,24,1,319,191,105374
2024,24,1,318,222,105596
2024,24,1,317,175,105771
2024,24,1,316,214,105985
2024,24,1,315,196,106181
2024,24,1,314,205,106386
2024,24,1,313,199,106585
2024,24,1,312,197,106782
2024,24,1,311,183,106965
2024,24,1,310,213,107178
2024,24,1,309,186,107364
2024,24,1,308,168,107532
2024,24,1,307,195,107727
2024,24,1,306,175,107902
2024,24,1,305,182,108084
2024,24,1,304,187,108271
2024,24,1,303,173,108444
2024,24,1,302,173,108617
2024,24,1,301,178,108795
2024,24,1,300,157,108952
2024,24,1,299,175,109127
2024,24,1,298,175,109302
2024,24,1,297,158,109460
2024,24,1,296,128,109588
2024,24,1,295,159,109747
2024,24,1,294,170,109917
2024,24,1,293,132,110049
2024,24,1,292,144,110193
2024,24,1,291,136,110329
2024,24,1,290,141,110470
2024,24,1,289,146,110616
2024,24,1,288,153,110769
2024,24,1,287,127,110896
2024,24,1,286,102,110998
2024,24,1,285,133,111131
2024,24,1,284,108,111239
2024,24,1,283,135,111374
2024,24,1,282,114,111488
2024,24,1,281,106,111594
2024,24,1,280,118,111712
2024,24,1,279,106,111818
2024,24,1,278,122,111940
2024,24,1,277,116,112056
2024,24,1,276,116,112172
2024,24,1,275,94,112266
2024,24,1,274,87,112353
2024,24,1,273,102,112455
2024,24,1,272,113,112568
2024,24,1,271,102,112670
2024,24,1,270,109,112779
2024,24,1,269,92,112871
2024,24,1,268,87,112958
2024,24,1,267,91,113049
2024,24,1,266,78,113127
2024,24,1,265,73,113200
2024,24,1,264,80,113280
2024,24,1,263,70,113350
2024,24,1,262,77,113427
2024,24,1,261,71,113498
2024,24,1,260,52,113550
2024,24,1,259,75,113625
2024,24,1,258,64,113689
2024,24,1,257,62,113751
2024,24,1,256,52,113803
2024,24,1,255,64,113867
2024,24,1,254,59,113926
2024,24,1,253,44,113970
2024,24,1,252,48,114018
2024,24,1,251,74,114092
2024,24,1,250,63,114155
2024,24,1,249,45,114200
2024,24,1,248,64,114264
2024,24,1,247,44,114308
2024,24,1,246,53,114361
2024,24,1,245,44,114405
2024,24,1,244,53,114458
2024,24,1,243,54,114512
2024,24,1,242,27,114539
2024,24,1,241,33,114572
2024,24,1,240,36,114608
2024,24,1,239,30,114638
2024,24,1,238,42,114680
2024,24,1,237,48,114728
2024,24,1,236,34,114762
2024,24,1,235,27,114789
2024,24,1,234,32,114821
2024,24,1,233,35,114856
2024,24,1,232,23,114879
2024,24,1,231,30,114909
2024,24,1,230,28,114937
2024,24,1,229,33,114970
2024,24,1,228,24,114994
2024,24,1,227,20,115014
2024,24,1,226,17,115031
2024,24,1,225,23,115054
2024,24,1,224,24,115078
2024,24,1,223,17,115095
2024,24,1,222,23,115118
2024,24,1,221,20,115138
2024,24,1,220,18,115156
2024,24,1,219,15,115171
2024,24,1,218,10,115181
2024,24,1,217,12,115193
2024,24,1,216,19,115212
2024,24,1,215,14,115226
2024,24,1,214,18,115244
2024,24,1,213,8,115252
2024,24,1,212,15,115267
2024,24,1,211,8,115275
2024,24,1,210,12,115287
2024,24,1,209,13,115300
2024,24,1,208,8,115308
2024,24,1,207,12,115320
2024,24,1,206,16,115336
2024,24,1,205,4,115340
2024,24,1,204,15,115355
2024,24,1,203,9,115364
2024,24,1,202,8,115372
2024,24,1,201,5,115377
2024,24,1,200,6,115383
