year,province_id,subject_category_id,score,count_at_score,cumulative_count
2024,15,1,696 ,6 ,51 
2024,15,1,695 ,2 ,53 
2024,15,1,694 ,7 ,60 
2024,15,1,693 ,9 ,69 
2024,15,1,692 ,11 ,80 
2024,15,1,691 ,11 ,91 
2024,15,1,690 ,20 ,111 
2024,15,1,689 ,17 ,128 
2024,15,1,688 ,13 ,141 
2024,15,1,687 ,9 ,150 
2024,15,1,686 ,19 ,169 
2024,15,1,685 ,23 ,192 
2024,15,1,684 ,22 ,214 
2024,15,1,683 ,25 ,239 
2024,15,1,682 ,28 ,267 
2024,15,1,681 ,38 ,305 
2024,15,1,680 ,22 ,327 
2024,15,1,679 ,32 ,359 
2024,15,1,678 ,42 ,401 
2024,15,1,677 ,31 ,432 
2024,15,1,676 ,43 ,475 
2024,15,1,675 ,42 ,517 
2024,15,1,674 ,48 ,565 
2024,15,1,673 ,38 ,603 
2024,15,1,672 ,69 ,672 
2024,15,1,671 ,54 ,726 
2024,15,1,670 ,41 ,767 
2024,15,1,669 ,65 ,832 
2024,15,1,668 ,69 ,901 
2024,15,1,667 ,89 ,990 
2024,15,1,666 ,85 ,1075 
2024,15,1,665 ,75 ,1150 
2024,15,1,664 ,82 ,1232 
2024,15,1,663 ,91 ,1323 
2024,15,1,662 ,91 ,1414 
2024,15,1,661 ,92 ,1506 
2024,15,1,660 ,100 ,1606 
2024,15,1,659 ,104 ,1710 
2024,15,1,658 ,105 ,1815 
2024,15,1,657 ,108 ,1923 
2024,15,1,656 ,101 ,2024 
2024,15,1,655 ,115 ,2139 
2024,15,1,654 ,122 ,2261 
2024,15,1,653 ,112 ,2373 
2024,15,1,652 ,131 ,2504 
2024,15,1,651 ,140 ,2644 
2024,15,1,650 ,135 ,2779 
2024,15,1,649 ,139 ,2918 
2024,15,1,648 ,164 ,3082 
2024,15,1,647 ,145 ,3227 
2024,15,1,646 ,145 ,3372 
2024,15,1,645 ,174 ,3546 
2024,15,1,644 ,165 ,3711 
2024,15,1,643 ,172 ,3883 
2024,15,1,642 ,172 ,4055 
2024,15,1,641 ,171 ,4226 
2024,15,1,640 ,175 ,4401 
2024,15,1,639 ,201 ,4602 
2024,15,1,638 ,178 ,4780 
2024,15,1,637 ,196 ,4976 
2024,15,1,636 ,202 ,5178 
2024,15,1,635 ,204 ,5382 
2024,15,1,634 ,197 ,5579 
2024,15,1,633 ,215 ,5794 
2024,15,1,632 ,230 ,6024 
2024,15,1,631 ,239 ,6263 
2024,15,1,630 ,221 ,6484 
2024,15,1,629 ,236 ,6720 
2024,15,1,628 ,257 ,6977 
2024,15,1,627 ,261 ,7238 
2024,15,1,626 ,289 ,7527 
2024,15,1,625 ,248 ,7775 
2024,15,1,624 ,244 ,8019 
2024,15,1,623 ,236 ,8255 
2024,15,1,622 ,284 ,8539 
2024,15,1,621 ,310 ,8849 
2024,15,1,620 ,280 ,9129 
2024,15,1,619 ,344 ,9473 
2024,15,1,618 ,321 ,9794 
2024,15,1,617 ,273 ,10067 
2024,15,1,616 ,303 ,10370 
2024,15,1,615 ,322 ,10692 
2024,15,1,614 ,280 ,10972 
2024,15,1,613 ,300 ,11272 
2024,15,1,612 ,320 ,11592 
2024,15,1,611 ,348 ,11940 
2024,15,1,610 ,332 ,12272 
2024,15,1,609 ,357 ,12629 
2024,15,1,608 ,359 ,12988 
2024,15,1,607 ,349 ,13337 
2024,15,1,606 ,366 ,13703 
2024,15,1,605 ,385 ,14088 
2024,15,1,604 ,347 ,14435 
2024,15,1,603 ,367 ,14802 
2024,15,1,602 ,412 ,15214 
2024,15,1,601 ,377 ,15591 
2024,15,1,600 ,376 ,15967 
2024,15,1,599 ,362 ,16329 
2024,15,1,598 ,438 ,16767 
2024,15,1,597 ,384 ,17151 
2024,15,1,596 ,416 ,17567 
2024,15,1,595 ,378 ,17945 
2024,15,1,594 ,389 ,18334 
2024,15,1,593 ,397 ,18731 
2024,15,1,592 ,401 ,19132 
2024,15,1,591 ,429 ,19561 
2024,15,1,590 ,437 ,19998 
2024,15,1,589 ,470 ,20468 
2024,15,1,588 ,432 ,20900 
2024,15,1,587 ,445 ,21345 
2024,15,1,586 ,469 ,21814 
2024,15,1,585 ,469 ,22283 
2024,15,1,584 ,450 ,22733 
2024,15,1,583 ,472 ,23205 
2024,15,1,582 ,467 ,23672 
2024,15,1,581 ,497 ,24169 
2024,15,1,580 ,456 ,24625 
2024,15,1,579 ,535 ,25160 
2024,15,1,578 ,455 ,25615 
2024,15,1,577 ,453 ,26068 
2024,15,1,576 ,535 ,26603 
2024,15,1,575 ,471 ,27074 
2024,15,1,574 ,489 ,27563 
2024,15,1,573 ,488 ,28051 
2024,15,1,572 ,532 ,28583 
2024,15,1,571 ,537 ,29120 
2024,15,1,570 ,462 ,29582 
2024,15,1,569 ,525 ,30107 
2024,15,1,568 ,508 ,30615 
2024,15,1,567 ,549 ,31164 
2024,15,1,566 ,577 ,31741 
2024,15,1,565 ,502 ,32243 
2024,15,1,564 ,501 ,32744 
2024,15,1,563 ,556 ,33300 
2024,15,1,562 ,550 ,33850 
2024,15,1,561 ,564 ,34414 
2024,15,1,560 ,556 ,34970 
2024,15,1,559 ,561 ,35531 
2024,15,1,558 ,579 ,36110 
2024,15,1,557 ,628 ,36738 
2024,15,1,556 ,605 ,37343 
2024,15,1,555 ,553 ,37896 
2024,15,1,554 ,592 ,38488 
2024,15,1,553 ,588 ,39076 
2024,15,1,552 ,560 ,39636 
2024,15,1,551 ,624 ,40260 
2024,15,1,550 ,608 ,40868 
2024,15,1,549 ,590 ,41458 
2024,15,1,548 ,605 ,42063 
2024,15,1,547 ,630 ,42693 
2024,15,1,546 ,614 ,43307 
2024,15,1,545 ,596 ,43903 
2024,15,1,544 ,602 ,44505 
2024,15,1,543 ,630 ,45135 
2024,15,1,542 ,656 ,45791 
2024,15,1,541 ,647 ,46438 
2024,15,1,540 ,667 ,47105 
2024,15,1,539 ,653 ,47758 
2024,15,1,538 ,661 ,48419 
2024,15,1,537 ,615 ,49034 
2024,15,1,536 ,682 ,49716 
2024,15,1,535 ,632 ,50348 
2024,15,1,534 ,661 ,51009 
2024,15,1,533 ,650 ,51659 
2024,15,1,532 ,650 ,52309 
2024,15,1,531 ,696 ,53005 
2024,15,1,530 ,638 ,53643 
2024,15,1,529 ,674 ,54317 
2024,15,1,528 ,700 ,55017 
2024,15,1,527 ,673 ,55690 
2024,15,1,526 ,681 ,56371 
2024,15,1,525 ,660 ,57031 
2024,15,1,524 ,695 ,57726 
2024,15,1,523 ,695 ,58421 
2024,15,1,522 ,650 ,59071 
2024,15,1,521 ,709 ,59780 
2024,15,1,520 ,634 ,60414 
2024,15,1,519 ,658 ,61072 
2024,15,1,518 ,737 ,61809 
2024,15,1,517 ,704 ,62513 
2024,15,1,516 ,696 ,63209 
2024,15,1,515 ,708 ,63917 
2024,15,1,514 ,695 ,64612 
2024,15,1,513 ,746 ,65358 
2024,15,1,512 ,698 ,66056 
2024,15,1,511 ,667 ,66723 
2024,15,1,510 ,673 ,67396 
2024,15,1,509 ,729 ,68125 
2024,15,1,508 ,714 ,68839 
2024,15,1,507 ,714 ,69553 
2024,15,1,506 ,694 ,70247 
2024,15,1,505 ,694 ,70941 
2024,15,1,504 ,702 ,71643 
2024,15,1,503 ,660 ,72303 
2024,15,1,502 ,747 ,73050 
2024,15,1,501 ,722 ,73772 
2024,15,1,500 ,691 ,74463 
2024,15,1,499 ,709 ,75172 
2024,15,1,498 ,735 ,75907 
2024,15,1,497 ,781 ,76688 
2024,15,1,496 ,682 ,77370 
2024,15,1,495 ,721 ,78091 
2024,15,1,494 ,690 ,78781 
2024,15,1,493 ,723 ,79504 
2024,15,1,492 ,685 ,80189 
2024,15,1,491 ,716 ,80905 
2024,15,1,490 ,722 ,81627 
2024,15,1,489 ,690 ,82317 
2024,15,1,488 ,733 ,83050 
2024,15,1,487 ,755 ,83805 
2024,15,1,486 ,770 ,84575 
2024,15,1,485 ,707 ,85282 
2024,15,1,484 ,749 ,86031 
2024,15,1,483 ,760 ,86791 
2024,15,1,482 ,736 ,87527 
2024,15,1,481 ,780 ,88307 
2024,15,1,480 ,745 ,89052 
2024,15,1,479 ,727 ,89779 
2024,15,1,478 ,743 ,90522 
2024,15,1,477 ,741 ,91263 
2024,15,1,476 ,730 ,91993 
2024,15,1,475 ,760 ,92753 
2024,15,1,474 ,727 ,93480 
2024,15,1,473 ,693 ,94173 
2024,15,1,472 ,784 ,94957 
2024,15,1,471 ,695 ,95652 
2024,15,1,470 ,736 ,96388 
2024,15,1,469 ,787 ,97175 
2024,15,1,468 ,687 ,97862 
2024,15,1,467 ,729 ,98591 
2024,15,1,466 ,740 ,99331 
2024,15,1,465 ,724 ,100055 
2024,15,1,464 ,709 ,100764 
2024,15,1,463 ,744 ,101508 
2024,15,1,462 ,735 ,102243 
2024,15,1,461 ,748 ,102991 
2024,15,1,460 ,701 ,103692 
2024,15,1,459 ,760 ,104452 
2024,15,1,458 ,665 ,105117 
2024,15,1,457 ,679 ,105796 
2024,15,1,456 ,677 ,106473 
2024,15,1,455 ,742 ,107215 
2024,15,1,454 ,749 ,107964 
2024,15,1,453 ,722 ,108686 
2024,15,1,452 ,702 ,109388 
2024,15,1,451 ,754 ,110142 
2024,15,1,450 ,699 ,110841 
2024,15,1,449 ,732 ,111573 
2024,15,1,448 ,698 ,112271 
2024,15,1,447 ,686 ,112957 
2024,15,1,446 ,735 ,113692 
2024,15,1,445 ,662 ,114354 
2024,15,1,444 ,685 ,115039 
2024,15,1,443 ,651 ,115690 
2024,15,1,442 ,680 ,116370 
2024,15,1,441 ,657 ,117027 
2024,15,1,440 ,671 ,117698 
2024,15,1,439 ,640 ,118338 
2024,15,1,438 ,675 ,119013 
2024,15,1,437 ,682 ,119695 
2024,15,1,436 ,687 ,120382 
2024,15,1,435 ,636 ,121018 
2024,15,1,434 ,670 ,121688 
2024,15,1,433 ,601 ,122289 
2024,15,1,432 ,660 ,122949 
2024,15,1,431 ,623 ,123572 
2024,15,1,430 ,637 ,124209 
2024,15,1,429 ,633 ,124842 
2024,15,1,428 ,585 ,125427 
2024,15,1,427 ,620 ,126047 
2024,15,1,426 ,635 ,126682 
2024,15,1,425 ,634 ,127316 
2024,15,1,424 ,592 ,127908 
2024,15,1,423 ,604 ,128512 
2024,15,1,422 ,593 ,129105 
2024,15,1,421 ,598 ,129703 
2024,15,1,420 ,631 ,130334 
2024,15,1,419 ,628 ,130962 
2024,15,1,418 ,627 ,131589 
2024,15,1,417 ,566 ,132155 
2024,15,1,416 ,569 ,132724 
2024,15,1,415 ,532 ,133256 
2024,15,1,414 ,572 ,133828 
2024,15,1,413 ,561 ,134389 
2024,15,1,412 ,579 ,134968 
2024,15,1,411 ,556 ,135524 
2024,15,1,410 ,552 ,136076 
2024,15,1,409 ,554 ,136630 
2024,15,1,408 ,554 ,137184 
2024,15,1,407 ,568 ,137752 
2024,15,1,406 ,532 ,138284 
2024,15,1,405 ,525 ,138809 
2024,15,1,404 ,516 ,139325 
2024,15,1,403 ,549 ,139874 
2024,15,1,402 ,530 ,140404 
2024,15,1,401 ,490 ,140894 
2024,15,1,400 ,511 ,141405 
2024,15,1,399 ,522 ,141927 
2024,15,1,398 ,481 ,142408 
2024,15,1,397 ,513 ,142921 
2024,15,1,396 ,495 ,143416 
2024,15,1,395 ,519 ,143935 
2024,15,1,394 ,494 ,144429 
2024,15,1,393 ,530 ,144959 
2024,15,1,392 ,485 ,145444 
2024,15,1,391 ,477 ,145921 
2024,15,1,390 ,507 ,146428 
2024,15,1,389 ,470 ,146898 
2024,15,1,388 ,495 ,147393 
2024,15,1,387 ,492 ,147885 
2024,15,1,386 ,475 ,148360 
2024,15,1,385 ,461 ,148821 
2024,15,1,384 ,428 ,149249 
2024,15,1,383 ,466 ,149715 
2024,15,1,382 ,421 ,150136 
2024,15,1,381 ,439 ,150575 
2024,15,1,380 ,431 ,151006 
2024,15,1,379 ,426 ,151432 
2024,15,1,378 ,486 ,151918 
2024,15,1,377 ,422 ,152340 
2024,15,1,376 ,452 ,152792 
2024,15,1,375 ,402 ,153194 
2024,15,1,374 ,401 ,153595 
2024,15,1,373 ,414 ,154009 
2024,15,1,372 ,409 ,154418 
2024,15,1,371 ,419 ,154837 
2024,15,1,370 ,394 ,155231 
2024,15,1,369 ,365 ,155596 
2024,15,1,368 ,415 ,156011 
2024,15,1,367 ,374 ,156385 
2024,15,1,366 ,340 ,156725 
2024,15,1,365 ,391 ,157116 
2024,15,1,364 ,391 ,157507 
2024,15,1,363 ,347 ,157854 
2024,15,1,362 ,371 ,158225 
2024,15,1,361 ,367 ,158592 
2024,15,1,360 ,342 ,158934 
2024,15,1,359 ,352 ,159286 
2024,15,1,358 ,321 ,159607 
2024,15,1,357 ,316 ,159923 
2024,15,1,356 ,370 ,160293 
2024,15,1,355 ,334 ,160627 
2024,15,1,354 ,346 ,160973 
2024,15,1,353 ,331 ,161304 
2024,15,1,352 ,326 ,161630 
2024,15,1,351 ,310 ,161940 
2024,15,1,350 ,302 ,162242 
2024,15,1,349 ,338 ,162580 
2024,15,1,348 ,333 ,162913 
2024,15,1,347 ,312 ,163225 
2024,15,1,346 ,327 ,163552 
2024,15,1,345 ,310 ,163862 
2024,15,1,344 ,305 ,164167 
2024,15,1,343 ,293 ,164460 
2024,15,1,342 ,286 ,164746 
2024,15,1,341 ,262 ,165008 
2024,15,1,340 ,311 ,165319 
2024,15,1,339 ,299 ,165618 
2024,15,1,338 ,270 ,165888 
2024,15,1,337 ,309 ,166197 
2024,15,1,336 ,302 ,166499 
2024,15,1,335 ,319 ,166818 
2024,15,1,334 ,273 ,167091 
2024,15,1,333 ,281 ,167372 
2024,15,1,332 ,262 ,167634 
2024,15,1,331 ,252 ,167886 
2024,15,1,330 ,278 ,168164 
2024,15,1,329 ,254 ,168418 
2024,15,1,328 ,246 ,168664 
2024,15,1,327 ,269 ,168933 
2024,15,1,326 ,232 ,169165 
2024,15,1,325 ,275 ,169440 
2024,15,1,324 ,249 ,169689 
2024,15,1,323 ,249 ,169938 
2024,15,1,322 ,237 ,170175 
2024,15,1,321 ,242 ,170417 
2024,15,1,320 ,231 ,170648 
2024,15,1,319 ,224 ,170872 
2024,15,1,318 ,206 ,171078 
2024,15,1,317 ,211 ,171289 
2024,15,1,316 ,219 ,171508 
2024,15,1,315 ,222 ,171730 
2024,15,1,314 ,209 ,171939 
2024,15,1,313 ,189 ,172128 
2024,15,1,312 ,196 ,172324 
2024,15,1,311 ,220 ,172544 
2024,15,1,310 ,211 ,172755 
2024,15,1,309 ,176 ,172931 
2024,15,1,308 ,206 ,173137 
2024,15,1,307 ,189 ,173326 
2024,15,1,306 ,178 ,173504 
2024,15,1,305 ,188 ,173692 
2024,15,1,304 ,183 ,173875 
2024,15,1,303 ,186 ,174061 
2024,15,1,302 ,151 ,174212 
2024,15,1,301 ,194 ,174406 
2024,15,1,300 ,170 ,174576 
2024,15,1,299 ,173 ,174749 
2024,15,1,298 ,157 ,174906 
2024,15,1,297 ,157 ,175063 
2024,15,1,296 ,166 ,175229 
2024,15,1,295 ,158 ,175387 
2024,15,1,294 ,158 ,175545 
2024,15,1,293 ,121 ,175666 
2024,15,1,292 ,122 ,175788 
2024,15,1,291 ,133 ,175921 
2024,15,1,290 ,120 ,176041 
2024,15,1,289 ,113 ,176154 
2024,15,1,288 ,131 ,176285 
2024,15,1,287 ,139 ,176424 
2024,15,1,286 ,142 ,176566 
2024,15,1,285 ,122 ,176688 
2024,15,1,284 ,123 ,176811 
2024,15,1,283 ,130 ,176941 
2024,15,1,282 ,125 ,177066 
2024,15,1,281 ,103 ,177169 
2024,15,1,280 ,106 ,177275 
2024,15,1,279 ,133 ,177408 
2024,15,1,278 ,110 ,177518 
2024,15,1,277 ,104 ,177622 
2024,15,1,276 ,94 ,177716 
2024,15,1,275 ,94 ,177810 
2024,15,1,274 ,109 ,177919 
2024,15,1,273 ,74 ,177993 
2024,15,1,272 ,103 ,178096 
2024,15,1,271 ,84 ,178180 
2024,15,1,270 ,87 ,178267 
2024,15,1,269 ,84 ,178351 
2024,15,1,268 ,83 ,178434 
2024,15,1,267 ,74 ,178508 
2024,15,1,266 ,86 ,178594 
2024,15,1,265 ,74 ,178668 
2024,15,1,264 ,79 ,178747 
2024,15,1,263 ,61 ,178808 
2024,15,1,262 ,52 ,178860 
2024,15,1,261 ,78 ,178938 
2024,15,1,260 ,80 ,179018 
2024,15,1,259 ,65 ,179083 
2024,15,1,258 ,59 ,179142 
2024,15,1,257 ,56 ,179198 
2024,15,1,256 ,62 ,179260 
2024,15,1,255 ,74 ,179334 
2024,15,1,254 ,55 ,179389 
2024,15,1,253 ,50 ,179439 
2024,15,1,252 ,42 ,179481 
2024,15,1,251 ,41 ,179522 
2024,15,1,250 ,50 ,179572 
2024,15,1,249 ,51 ,179623 
2024,15,1,248 ,49 ,179672 
2024,15,1,247 ,39 ,179711 
2024,15,1,246 ,42 ,179753 
2024,15,1,245 ,35 ,179788 
2024,15,1,244 ,37 ,179825 
2024,15,1,243 ,43 ,179868 
2024,15,1,242 ,36 ,179904 
2024,15,1,241 ,37 ,179941 
2024,15,1,240 ,37 ,179978 
2024,15,1,239 ,23 ,180001 
2024,15,1,238 ,34 ,180035 
2024,15,1,237 ,32 ,180067 
2024,15,1,236 ,26 ,180093 
2024,15,1,235 ,26 ,180119 
2024,15,1,234 ,24 ,180143 
2024,15,1,233 ,19 ,180162 
2024,15,1,232 ,23 ,180185 
2024,15,1,231 ,22 ,180207 
2024,15,1,230 ,29 ,180236 
2024,15,1,229 ,15 ,180251 
2024,15,1,228 ,9 ,180260 
2024,15,1,227 ,19 ,180279 
2024,15,1,226 ,19 ,180298 
2024,15,1,225 ,19 ,180317 
2024,15,1,224 ,11 ,180328 
2024,15,1,223 ,14 ,180342 
2024,15,1,222 ,17 ,180359 
2024,15,1,221 ,16 ,180375 
2024,15,1,220 ,7 ,180382 
2024,15,1,219 ,12 ,180394 
2024,15,1,218 ,14 ,180408 
2024,15,1,217 ,10 ,180418 
2024,15,1,216 ,10 ,180428 
2024,15,1,215 ,10 ,180438 
2024,15,1,214 ,11 ,180449 
2024,15,1,213 ,13 ,180462 
2024,15,1,212 ,7 ,180469 
2024,15,1,211 ,9 ,180478 
2024,15,1,210 ,15 ,180493 
2024,15,1,209 ,14 ,180507 
2024,15,1,208 ,13 ,180520 
2024,15,1,207 ,11 ,180531 
2024,15,1,206 ,8 ,180539 
2024,15,1,205 ,7 ,180546 
2024,15,1,204 ,3 ,180549 
2024,15,1,203 ,5 ,180554 
2024,15,1,202 ,8 ,180562 
2024,15,1,201 ,4 ,180566 
2024,15,1,200 ,8 ,180574 
