year,province_id,subject_category_id,score,count_at_score,cumulative_count
2024,21,1,687,161,161
2024,21,1,686,16,177
2024,21,1,685,22,199
2024,21,1,684,27,226
2024,21,1,683,27,253
2024,21,1,682,27,280
2024,21,1,681,30,310
2024,21,1,680,35,345
2024,21,1,679,31,376
2024,21,1,678,33,409
2024,21,1,677,38,447
2024,21,1,676,34,481
2024,21,1,675,37,518
2024,21,1,674,42,560
2024,21,1,673,57,617
2024,21,1,672,54,671
2024,21,1,671,43,714
2024,21,1,670,47,761
2024,21,1,669,59,820
2024,21,1,668,63,883
2024,21,1,667,73,956
2024,21,1,666,64,1020
2024,21,1,665,71,1091
2024,21,1,664,71,1162
2024,21,1,663,71,1233
2024,21,1,662,86,1319
2024,21,1,661,82,1401
2024,21,1,660,88,1489
2024,21,1,659,83,1572
2024,21,1,658,92,1664
2024,21,1,657,83,1747
2024,21,1,656,89,1836
2024,21,1,655,105,1941
2024,21,1,654,90,2031
2024,21,1,653,119,2150
2024,21,1,652,108,2258
2024,21,1,651,107,2365
2024,21,1,650,117,2482
2024,21,1,649,109,2591
2024,21,1,648,132,2723
2024,21,1,647,122,2845
2024,21,1,646,125,2970
2024,21,1,645,130,3100
2024,21,1,644,119,3219
2024,21,1,643,154,3373
2024,21,1,642,134,3507
2024,21,1,641,147,3654
2024,21,1,640,138,3792
2024,21,1,639,149,3941
2024,21,1,638,138,4079
2024,21,1,637,169,4248
2024,21,1,636,169,4417
2024,21,1,635,208,4625
2024,21,1,634,180,4805
2024,21,1,633,165,4970
2024,21,1,632,190,5160
2024,21,1,631,172,5332
2024,21,1,630,193,5525
2024,21,1,629,186,5711
2024,21,1,628,199,5910
2024,21,1,627,188,6098
2024,21,1,626,179,6277
2024,21,1,625,220,6497
2024,21,1,624,225,6722
2024,21,1,623,221,6943
2024,21,1,622,224,7167
2024,21,1,621,222,7389
2024,21,1,620,246,7635
2024,21,1,619,247,7882
2024,21,1,618,258,8140
2024,21,1,617,248,8388
2024,21,1,616,235,8623
2024,21,1,615,251,8874
2024,21,1,614,269,9143
2024,21,1,613,262,9405
2024,21,1,612,255,9660
2024,21,1,611,266,9926
2024,21,1,610,256,10182
2024,21,1,609,282,10464
2024,21,1,608,287,10751
2024,21,1,607,286,11037
2024,21,1,606,272,11309
2024,21,1,605,269,11578
2024,21,1,604,310,11888
2024,21,1,603,290,12178
2024,21,1,602,298,12476
2024,21,1,601,308,12784
2024,21,1,600,310,13094
2024,21,1,599,290,13384
2024,21,1,598,339,13723
2024,21,1,597,320,14043
2024,21,1,596,349,14392
2024,21,1,595,333,14725
2024,21,1,594,342,15067
2024,21,1,593,346,15413
2024,21,1,592,386,15799
2024,21,1,591,352,16151
2024,21,1,590,362,16513
2024,21,1,589,351,16864
2024,21,1,588,374,17238
2024,21,1,587,350,17588
2024,21,1,586,356,17944
2024,21,1,585,376,18320
2024,21,1,584,374,18694
2024,21,1,583,415,19109
2024,21,1,582,410,19519
2024,21,1,581,362,19881
2024,21,1,580,381,20262
2024,21,1,579,414,20676
2024,21,1,578,363,21039
2024,21,1,577,387,21426
2024,21,1,576,419,21845
2024,21,1,575,409,22254
2024,21,1,574,364,22618
2024,21,1,573,411,23029
2024,21,1,572,436,23465
2024,21,1,571,423,23888
2024,21,1,570,469,24357
2024,21,1,569,428,24785
2024,21,1,568,419,25204
2024,21,1,567,428,25632
2024,21,1,566,452,26084
2024,21,1,565,425,26509
2024,21,1,564,426,26935
2024,21,1,563,451,27386
2024,21,1,562,445,27831
2024,21,1,561,450,28281
2024,21,1,560,500,28781
2024,21,1,559,454,29235
2024,21,1,558,491,29726
2024,21,1,557,481,30207
2024,21,1,556,457,30664
2024,21,1,555,486,31150
2024,21,1,554,469,31619
2024,21,1,553,482,32101
2024,21,1,552,516,32617
2024,21,1,551,476,33093
2024,21,1,550,487,33580
2024,21,1,549,462,34042
2024,21,1,548,486,34528
2024,21,1,547,545,35073
2024,21,1,546,517,35590
2024,21,1,545,502,36092
2024,21,1,544,502,36594
2024,21,1,543,463,37057
2024,21,1,542,553,37610
2024,21,1,541,458,38068
2024,21,1,540,512,38580
2024,21,1,539,497,39077
2024,21,1,538,528,39605
2024,21,1,537,513,40118
2024,21,1,536,549,40667
2024,21,1,535,490,41157
2024,21,1,534,529,41686
2024,21,1,533,557,42243
2024,21,1,532,501,42744
2024,21,1,531,567,43311
2024,21,1,530,548,43859
2024,21,1,529,519,44378
2024,21,1,528,548,44926
2024,21,1,527,517,45443
2024,21,1,526,571,46014
2024,21,1,525,560,46574
2024,21,1,524,547,47121
2024,21,1,523,533,47654
2024,21,1,522,546,48200
2024,21,1,521,582,48782
2024,21,1,520,558,49340
2024,21,1,519,576,49916
2024,21,1,518,579,50495
2024,21,1,517,600,51095
2024,21,1,516,597,51692
2024,21,1,515,577,52269
2024,21,1,514,549,52818
2024,21,1,513,544,53362
2024,21,1,512,542,53904
2024,21,1,511,559,54463
2024,21,1,510,567,55030
2024,21,1,509,594,55624
2024,21,1,508,606,56230
2024,21,1,507,541,56771
2024,21,1,506,532,57303
2024,21,1,505,558,57861
2024,21,1,504,574,58435
2024,21,1,503,589,59024
2024,21,1,502,596,59620
2024,21,1,501,576,60196
2024,21,1,500,593,60789
2024,21,1,499,611,61400
2024,21,1,498,533,61933
2024,21,1,497,600,62533
2024,21,1,496,547,63080
2024,21,1,495,561,63641
2024,21,1,494,506,64147
2024,21,1,493,533,64680
2024,21,1,492,561,65241
2024,21,1,491,569,65810
2024,21,1,490,550,66360
2024,21,1,489,569,66929
2024,21,1,488,583,67512
2024,21,1,487,535,68047
2024,21,1,486,515,68562
2024,21,1,485,531,69093
2024,21,1,484,588,69681
2024,21,1,483,546,70227
2024,21,1,482,554,70781
2024,21,1,481,544,71325
2024,21,1,480,563,71888
2024,21,1,479,536,72424
2024,21,1,478,548,72972
2024,21,1,477,555,73527
2024,21,1,476,509,74036
2024,21,1,475,489,74525
2024,21,1,474,552,75077
2024,21,1,473,498,75575
2024,21,1,472,486,76061
2024,21,1,471,497,76558
2024,21,1,470,517,77075
2024,21,1,469,520,77595
2024,21,1,468,539,78134
2024,21,1,467,515,78649
2024,21,1,466,519,79168
2024,21,1,465,528,79696
2024,21,1,464,530,80226
2024,21,1,463,555,80781
2024,21,1,462,482,81263
2024,21,1,461,518,81781
2024,21,1,460,549,82330
2024,21,1,459,538,82868
2024,21,1,458,491,83359
2024,21,1,457,504,83863
2024,21,1,456,466,84329
2024,21,1,455,478,84807
2024,21,1,454,451,85258
2024,21,1,453,486,85744
2024,21,1,452,461,86205
2024,21,1,451,437,86642
2024,21,1,450,508,87150
2024,21,1,449,497,87647
2024,21,1,448,493,88140
2024,21,1,447,518,88658
2024,21,1,446,455,89113
2024,21,1,445,446,89559
2024,21,1,444,443,90002
2024,21,1,443,410,90412
2024,21,1,442,468,90880
2024,21,1,441,495,91375
2024,21,1,440,483,91858
2024,21,1,439,445,92303
2024,21,1,438,420,92723
2024,21,1,437,417,93140
2024,21,1,436,420,93560
2024,21,1,435,452,94012
2024,21,1,434,436,94448
2024,21,1,433,427,94875
2024,21,1,432,446,95321
2024,21,1,431,443,95764
2024,21,1,430,437,96201
2024,21,1,429,432,96633
2024,21,1,428,405,97038
2024,21,1,427,414,97452
2024,21,1,426,424,97876
2024,21,1,425,385,98261
2024,21,1,424,406,98667
2024,21,1,423,434,99101
2024,21,1,422,399,99500
2024,21,1,421,411,99911
2024,21,1,420,379,100290
2024,21,1,419,374,100664
2024,21,1,418,396,101060
2024,21,1,417,345,101405
2024,21,1,416,382,101787
2024,21,1,415,382,102169
2024,21,1,414,365,102534
2024,21,1,413,369,102903
2024,21,1,412,384,103287
2024,21,1,411,397,103684
2024,21,1,410,372,104056
2024,21,1,409,376,104432
2024,21,1,408,357,104789
2024,21,1,407,347,105136
2024,21,1,406,355,105491
2024,21,1,405,357,105848
2024,21,1,404,329,106177
2024,21,1,403,340,106517
2024,21,1,402,325,106842
2024,21,1,401,329,107171
2024,21,1,400,326,107497
2024,21,1,399,355,107852
2024,21,1,398,320,108172
2024,21,1,397,347,108519
2024,21,1,396,332,108851
2024,21,1,395,312,109163
2024,21,1,394,295,109458
2024,21,1,393,335,109793
2024,21,1,392,327,110120
2024,21,1,391,313,110433
2024,21,1,390,293,110726
2024,21,1,389,312,111038
2024,21,1,388,325,111363
2024,21,1,387,305,111668
2024,21,1,386,285,111953
2024,21,1,385,285,112238
2024,21,1,384,305,112543
2024,21,1,383,257,112800
2024,21,1,382,277,113077
2024,21,1,381,308,113385
2024,21,1,380,258,113643
2024,21,1,379,298,113941
2024,21,1,378,269,114210
2024,21,1,377,281,114491
2024,21,1,376,239,114730
2024,21,1,375,278,115008
2024,21,1,374,234,115242
2024,21,1,373,263,115505
2024,21,1,372,237,115742
2024,21,1,371,246,115988
2024,21,1,370,238,116226
2024,21,1,369,262,116488
2024,21,1,368,267,116755
2024,21,1,367,228,116983
2024,21,1,366,227,117210
2024,21,1,365,231,117441
2024,21,1,364,231,117672
2024,21,1,363,218,117890
2024,21,1,362,239,118129
2024,21,1,361,216,118345
2024,21,1,360,230,118575
2024,21,1,359,231,118806
2024,21,1,358,235,119041
2024,21,1,357,211,119252
2024,21,1,356,206,119458
2024,21,1,355,216,119674
2024,21,1,354,224,119898
2024,21,1,353,195,120093
2024,21,1,352,200,120293
2024,21,1,351,226,120519
2024,21,1,350,209,120728
2024,21,1,349,221,120949
2024,21,1,348,202,121151
2024,21,1,347,198,121349
2024,21,1,346,186,121535
2024,21,1,345,164,121699
2024,21,1,344,203,121902
2024,21,1,343,194,122096
2024,21,1,342,178,122274
2024,21,1,341,186,122460
2024,21,1,340,163,122623
2024,21,1,339,204,122827
2024,21,1,338,179,123006
2024,21,1,337,187,123193
2024,21,1,336,155,123348
2024,21,1,335,144,123492
2024,21,1,334,163,123655
2024,21,1,333,146,123801
2024,21,1,332,173,123974
2024,21,1,331,158,124132
2024,21,1,330,146,124278
2024,21,1,329,150,124428
2024,21,1,328,160,124588
2024,21,1,327,153,124741
2024,21,1,326,147,124888
2024,21,1,325,151,125039
2024,21,1,324,153,125192
2024,21,1,323,162,125354
2024,21,1,322,127,125481
2024,21,1,321,154,125635
2024,21,1,320,115,125750
2024,21,1,319,141,125891
2024,21,1,318,124,126015
2024,21,1,317,142,126157
2024,21,1,316,126,126283
2024,21,1,315,108,126391
2024,21,1,314,130,126521
2024,21,1,313,117,126638
2024,21,1,312,117,126755
2024,21,1,311,127,126882
2024,21,1,310,114,126996
2024,21,1,309,130,127126
2024,21,1,308,119,127245
2024,21,1,307,111,127356
2024,21,1,306,115,127471
2024,21,1,305,113,127584
2024,21,1,304,112,127696
2024,21,1,303,99,127795
2024,21,1,302,121,127916
2024,21,1,301,111,128027
2024,21,1,300,108,128135
