year,province_id,subject_category_id,score,count_at_score,cumulative_count
2024,21,2,659,61,61
2024,21,2,658,4,65
2024,21,2,657,5,70
2024,21,2,656,4,74
2024,21,2,655,17,91
2024,21,2,654,4,95
2024,21,2,653,12,107
2024,21,2,652,9,116
2024,21,2,651,10,126
2024,21,2,650,8,134
2024,21,2,649,7,141
2024,21,2,648,8,149
2024,21,2,647,10,159
2024,21,2,646,7,166
2024,21,2,645,14,180
2024,21,2,644,10,190
2024,21,2,643,10,200
2024,21,2,642,15,215
2024,21,2,641,9,224
2024,21,2,640,8,232
2024,21,2,639,23,255
2024,21,2,638,18,273
2024,21,2,637,15,288
2024,21,2,636,18,306
2024,21,2,635,12,318
2024,21,2,634,24,342
2024,21,2,633,28,370
2024,21,2,632,21,391
2024,21,2,631,22,413
2024,21,2,630,25,438
2024,21,2,629,28,466
2024,21,2,628,15,481
2024,21,2,627,24,505
2024,21,2,626,25,530
2024,21,2,625,28,558
2024,21,2,624,21,579
2024,21,2,623,24,603
2024,21,2,622,33,636
2024,21,2,621,24,660
2024,21,2,620,26,686
2024,21,2,619,33,719
2024,21,2,618,22,741
2024,21,2,617,32,773
2024,21,2,616,31,804
2024,21,2,615,35,839
2024,21,2,614,43,882
2024,21,2,613,57,939
2024,21,2,612,38,977
2024,21,2,611,39,1016
2024,21,2,610,46,1062
2024,21,2,609,46,1108
2024,21,2,608,50,1158
2024,21,2,607,48,1206
2024,21,2,606,44,1250
2024,21,2,605,44,1294
2024,21,2,604,45,1339
2024,21,2,603,45,1384
2024,21,2,602,53,1437
2024,21,2,601,50,1487
2024,21,2,600,65,1552
2024,21,2,599,43,1595
2024,21,2,598,56,1651
2024,21,2,597,49,1700
2024,21,2,596,60,1760
2024,21,2,595,48,1808
2024,21,2,594,50,1858
2024,21,2,593,72,1930
2024,21,2,592,62,1992
2024,21,2,591,55,2047
2024,21,2,590,64,2111
2024,21,2,589,75,2186
2024,21,2,588,65,2251
2024,21,2,587,69,2320
2024,21,2,586,75,2395
2024,21,2,585,60,2455
2024,21,2,584,72,2527
2024,21,2,583,80,2607
2024,21,2,582,70,2677
2024,21,2,581,106,2783
2024,21,2,580,78,2861
2024,21,2,579,72,2933
2024,21,2,578,99,3032
2024,21,2,577,81,3113
2024,21,2,576,91,3204
2024,21,2,575,89,3293
2024,21,2,574,92,3385
2024,21,2,573,97,3482
2024,21,2,572,90,3572
2024,21,2,571,95,3667
2024,21,2,570,113,3780
2024,21,2,569,100,3880
2024,21,2,568,103,3983
2024,21,2,567,114,4097
2024,21,2,566,97,4194
2024,21,2,565,110,4304
2024,21,2,564,112,4416
2024,21,2,563,91,4507
2024,21,2,562,117,4624
2024,21,2,561,106,4730
2024,21,2,560,103,4833
2024,21,2,559,120,4953
2024,21,2,558,110,5063
2024,21,2,557,122,5185
2024,21,2,556,128,5313
2024,21,2,555,136,5449
2024,21,2,554,121,5570
2024,21,2,553,117,5687
2024,21,2,552,137,5824
2024,21,2,551,117,5941
2024,21,2,550,140,6081
2024,21,2,549,140,6221
2024,21,2,548,142,6363
2024,21,2,547,146,6509
2024,21,2,546,139,6648
2024,21,2,545,166,6814
2024,21,2,544,148,6962
2024,21,2,543,151,7113
2024,21,2,542,151,7264
2024,21,2,541,143,7407
2024,21,2,540,169,7576
2024,21,2,539,122,7698
2024,21,2,538,145,7843
2024,21,2,537,154,7997
2024,21,2,536,161,8158
2024,21,2,535,191,8349
2024,21,2,534,156,8505
2024,21,2,533,176,8681
2024,21,2,532,165,8846
2024,21,2,531,150,8996
2024,21,2,530,169,9165
2024,21,2,529,178,9343
2024,21,2,528,161,9504
2024,21,2,527,168,9672
2024,21,2,526,166,9838
2024,21,2,525,204,10042
2024,21,2,524,165,10207
2024,21,2,523,190,10397
2024,21,2,522,192,10589
2024,21,2,521,196,10785
2024,21,2,520,199,10984
2024,21,2,519,177,11161
2024,21,2,518,191,11352
2024,21,2,517,196,11548
2024,21,2,516,195,11743
2024,21,2,515,187,11930
2024,21,2,514,157,12087
2024,21,2,513,181,12268
2024,21,2,512,191,12459
2024,21,2,511,224,12683
2024,21,2,510,196,12879
2024,21,2,509,210,13089
2024,21,2,508,186,13275
2024,21,2,507,206,13481
2024,21,2,506,196,13677
2024,21,2,505,201,13878
2024,21,2,504,209,14087
2024,21,2,503,197,14284
2024,21,2,502,228,14512
2024,21,2,501,180,14692
2024,21,2,500,188,14880
2024,21,2,499,196,15076
2024,21,2,498,214,15290
2024,21,2,497,205,15495
2024,21,2,496,198,15693
2024,21,2,495,217,15910
2024,21,2,494,222,16132
2024,21,2,493,211,16343
2024,21,2,492,227,16570
2024,21,2,491,232,16802
2024,21,2,490,245,17047
2024,21,2,489,239,17286
2024,21,2,488,217,17503
2024,21,2,487,196,17699
2024,21,2,486,208,17907
2024,21,2,485,200,18107
2024,21,2,484,227,18334
2024,21,2,483,240,18574
2024,21,2,482,243,18817
2024,21,2,481,217,19034
2024,21,2,480,232,19266
2024,21,2,479,261,19527
2024,21,2,478,241,19768
2024,21,2,477,233,20001
2024,21,2,476,248,20249
2024,21,2,475,232,20481
2024,21,2,474,229,20710
2024,21,2,473,253,20963
2024,21,2,472,246,21209
2024,21,2,471,213,21422
2024,21,2,470,237,21659
2024,21,2,469,253,21912
2024,21,2,468,242,22154
2024,21,2,467,236,22390
2024,21,2,466,242,22632
2024,21,2,465,231,22863
2024,21,2,464,236,23099
2024,21,2,463,251,23350
2024,21,2,462,221,23571
2024,21,2,461,247,23818
2024,21,2,460,260,24078
2024,21,2,459,255,24333
2024,21,2,458,257,24590
2024,21,2,457,241,24831
2024,21,2,456,268,25099
2024,21,2,455,243,25342
2024,21,2,454,259,25601
2024,21,2,453,236,25837
2024,21,2,452,238,26075
2024,21,2,451,264,26339
2024,21,2,450,255,26594
2024,21,2,449,282,26876
2024,21,2,448,262,27138
2024,21,2,447,308,27446
2024,21,2,446,252,27698
2024,21,2,445,246,27944
2024,21,2,444,277,28221
2024,21,2,443,228,28449
2024,21,2,442,257,28706
2024,21,2,441,281,28987
2024,21,2,440,282,29269
2024,21,2,439,259,29528
2024,21,2,438,293,29821
2024,21,2,437,262,30083
2024,21,2,436,264,30347
2024,21,2,435,273,30620
2024,21,2,434,247,30867
2024,21,2,433,294,31161
2024,21,2,432,251,31412
2024,21,2,431,281,31693
2024,21,2,430,266,31959
2024,21,2,429,257,32216
2024,21,2,428,282,32498
2024,21,2,427,258,32756
2024,21,2,426,239,32995
2024,21,2,425,253,33248
2024,21,2,424,266,33514
2024,21,2,423,282,33796
2024,21,2,422,296,34092
2024,21,2,421,251,34343
2024,21,2,420,295,34638
2024,21,2,419,280,34918
2024,21,2,418,258,35176
2024,21,2,417,279,35455
2024,21,2,416,263,35718
2024,21,2,415,271,35989
2024,21,2,414,245,36234
2024,21,2,413,260,36494
2024,21,2,412,266,36760
2024,21,2,411,274,37034
2024,21,2,410,244,37278
2024,21,2,409,276,37554
2024,21,2,408,252,37806
2024,21,2,407,266,38072
2024,21,2,406,271,38343
2024,21,2,405,273,38616
2024,21,2,404,265,38881
2024,21,2,403,256,39137
2024,21,2,402,271,39408
2024,21,2,401,245,39653
2024,21,2,400,279,39932
2024,21,2,399,283,40215
2024,21,2,398,270,40485
2024,21,2,397,292,40777
2024,21,2,396,273,41050
2024,21,2,395,279,41329
2024,21,2,394,290,41619
2024,21,2,393,277,41896
2024,21,2,392,253,42149
2024,21,2,391,246,42395
2024,21,2,390,289,42684
2024,21,2,389,268,42952
2024,21,2,388,260,43212
2024,21,2,387,302,43514
2024,21,2,386,258,43772
2024,21,2,385,253,44025
2024,21,2,384,248,44273
2024,21,2,383,259,44532
2024,21,2,382,287,44819
2024,21,2,381,255,45074
2024,21,2,380,287,45361
2024,21,2,379,253,45614
2024,21,2,378,236,45850
2024,21,2,377,230,46080
2024,21,2,376,297,46377
2024,21,2,375,224,46601
2024,21,2,374,235,46836
2024,21,2,373,253,47089
2024,21,2,372,251,47340
2024,21,2,371,266,47606
2024,21,2,370,256,47862
2024,21,2,369,272,48134
2024,21,2,368,245,48379
2024,21,2,367,246,48625
2024,21,2,366,245,48870
2024,21,2,365,246,49116
2024,21,2,364,269,49385
2024,21,2,363,287,49672
2024,21,2,362,230,49902
2024,21,2,361,236,50138
2024,21,2,360,229,50367
2024,21,2,359,262,50629
2024,21,2,358,236,50865
2024,21,2,357,231,51096
2024,21,2,356,250,51346
2024,21,2,355,245,51591
2024,21,2,354,246,51837
2024,21,2,353,216,52053
2024,21,2,352,234,52287
2024,21,2,351,259,52546
2024,21,2,350,250,52796
2024,21,2,349,231,53027
2024,21,2,348,242,53269
2024,21,2,347,269,53538
2024,21,2,346,208,53746
2024,21,2,345,226,53972
2024,21,2,344,242,54214
2024,21,2,343,215,54429
2024,21,2,342,246,54675
2024,21,2,341,190,54865
2024,21,2,340,226,55091
2024,21,2,339,222,55313
2024,21,2,338,226,55539
2024,21,2,337,227,55766
2024,21,2,336,218,55984
2024,21,2,335,217,56201
2024,21,2,334,191,56392
2024,21,2,333,222,56614
2024,21,2,332,213,56827
2024,21,2,331,197,57024
2024,21,2,330,206,57230
2024,21,2,329,219,57449
2024,21,2,328,220,57669
2024,21,2,327,214,57883
2024,21,2,326,209,58092
2024,21,2,325,211,58303
2024,21,2,324,188,58491
2024,21,2,323,204,58695
2024,21,2,322,161,58856
2024,21,2,321,194,59050
2024,21,2,320,197,59247
2024,21,2,319,180,59427
2024,21,2,318,175,59602
2024,21,2,317,220,59822
2024,21,2,316,166,59988
2024,21,2,315,185,60173
2024,21,2,314,183,60356
2024,21,2,313,158,60514
2024,21,2,312,173,60687
2024,21,2,311,151,60838
2024,21,2,310,179,61017
2024,21,2,309,162,61179
2024,21,2,308,163,61342
2024,21,2,307,146,61488
2024,21,2,306,161,61649
2024,21,2,305,150,61799
2024,21,2,304,159,61958
2024,21,2,303,167,62125
2024,21,2,302,185,62310
2024,21,2,301,130,62440
2024,21,2,300,127,62567
