year,province_id,subject_category_id,score,count_at_score,cumulative_count
2024,5,1,712,12,12
2024,5,1,711,2,14
2024,5,1,709,3,17
2024,5,1,708,4,21
2024,5,1,707,1,22
2024,5,1,706,5,27
2024,5,1,705,4,31
2024,5,1,704,2,33
2024,5,1,703,4,37
2024,5,1,702,6,43
2024,5,1,701,6,49
2024,5,1,700,9,58
2024,5,1,699,11,69
2024,5,1,698,9,78
2024,5,1,697,16,94
2024,5,1,696,9,103
2024,5,1,695,11,114
2024,5,1,694,10,124
2024,5,1,693,9,133
2024,5,1,692,5,138
2024,5,1,691,10,148
2024,5,1,690,11,159
2024,5,1,689,14,173
2024,5,1,688,22,195
2024,5,1,687,14,209
2024,5,1,686,20,229
2024,5,1,685,23,252
2024,5,1,684,18,270
2024,5,1,683,24,294
2024,5,1,682,19,313
2024,5,1,681,23,336
2024,5,1,680,28,364
2024,5,1,679,34,398
2024,5,1,678,28,426
2024,5,1,677,41,467
2024,5,1,676,32,499
2024,5,1,675,37,536
2024,5,1,674,56,592
2024,5,1,673,36,628
2024,5,1,672,37,665
2024,5,1,671,35,700
2024,5,1,670,43,743
2024,5,1,669,55,798
2024,5,1,668,54,852
2024,5,1,667,53,905
2024,5,1,666,52,957
2024,5,1,665,45,1002
2024,5,1,664,60,1062
2024,5,1,663,49,1111
2024,5,1,662,70,1181
2024,5,1,661,58,1239
2024,5,1,660,59,1298
2024,5,1,659,67,1365
2024,5,1,658,57,1422
2024,5,1,657,54,1476
2024,5,1,656,57,1533
2024,5,1,655,70,1603
2024,5,1,654,71,1674
2024,5,1,653,77,1751
2024,5,1,652,74,1825
2024,5,1,651,69,1894
2024,5,1,650,79,1973
2024,5,1,649,82,2055
2024,5,1,648,79,2134
2024,5,1,647,99,2233
2024,5,1,646,78,2311
2024,5,1,645,102,2413
2024,5,1,644,95,2508
2024,5,1,643,93,2601
2024,5,1,642,112,2713
2024,5,1,641,109,2822
2024,5,1,640,107,2929
2024,5,1,639,112,3041
2024,5,1,638,95,3136
2024,5,1,637,114,3250
2024,5,1,636,122,3372
2024,5,1,635,113,3485
2024,5,1,634,120,3605
2024,5,1,633,124,3729
2024,5,1,632,118,3847
2024,5,1,631,135,3982
2024,5,1,630,137,4119
2024,5,1,629,125,4244
2024,5,1,628,147,4391
2024,5,1,627,151,4542
2024,5,1,626,135,4677
2024,5,1,625,117,4794
2024,5,1,624,140,4934
2024,5,1,623,140,5074
2024,5,1,622,118,5192
2024,5,1,621,160,5352
2024,5,1,620,158,5510
2024,5,1,619,152,5662
2024,5,1,618,174,5836
2024,5,1,617,145,5981
2024,5,1,616,153,6134
2024,5,1,615,157,6291
2024,5,1,614,172,6463
2024,5,1,613,173,6636
2024,5,1,612,163,6799
2024,5,1,611,197,6996
2024,5,1,610,180,7176
2024,5,1,609,184,7360
2024,5,1,608,224,7584
2024,5,1,607,174,7758
2024,5,1,606,183,7941
2024,5,1,605,203,8144
2024,5,1,604,212,8356
2024,5,1,603,217,8573
2024,5,1,602,218,8791
2024,5,1,601,184,8975
2024,5,1,600,223,9198
2024,5,1,599,195,9393
2024,5,1,598,225,9618
2024,5,1,597,221,9839
2024,5,1,596,197,10036
2024,5,1,595,207,10243
2024,5,1,594,226,10469
2024,5,1,593,234,10703
2024,5,1,592,206,10909
2024,5,1,591,207,11116
2024,5,1,590,243,11359
2024,5,1,589,209,11568
2024,5,1,588,231,11799
2024,5,1,587,214,12013
2024,5,1,586,217,12230
2024,5,1,585,241,12471
2024,5,1,584,260,12731
2024,5,1,583,248,12979
2024,5,1,582,230,13209
2024,5,1,581,271,13480
2024,5,1,580,224,13704
2024,5,1,579,223,13927
2024,5,1,578,258,14185
2024,5,1,577,281,14466
2024,5,1,576,247,14713
2024,5,1,575,310,15023
2024,5,1,574,282,15305
2024,5,1,573,267,15572
2024,5,1,572,272,15844
2024,5,1,571,276,16120
2024,5,1,570,259,16379
2024,5,1,569,306,16685
2024,5,1,568,310,16995
2024,5,1,567,305,17300
2024,5,1,566,311,17611
2024,5,1,565,305,17916
2024,5,1,564,301,18217
2024,5,1,563,319,18536
2024,5,1,562,300,18836
2024,5,1,561,317,19153
2024,5,1,560,343,19496
2024,5,1,559,328,19824
2024,5,1,558,341,20165
2024,5,1,557,319,20484
2024,5,1,556,312,20796
2024,5,1,555,323,21119
2024,5,1,554,320,21439
2024,5,1,553,333,21772
2024,5,1,552,333,22105
2024,5,1,551,344,22449
2024,5,1,550,352,22801
2024,5,1,549,333,23134
2024,5,1,548,383,23517
2024,5,1,547,323,23840
2024,5,1,546,345,24185
2024,5,1,545,369,24554
2024,5,1,544,327,24881
2024,5,1,543,412,25293
2024,5,1,542,359,25652
2024,5,1,541,360,26012
2024,5,1,540,381,26393
2024,5,1,539,397,26790
2024,5,1,538,402,27192
2024,5,1,537,413,27605
2024,5,1,536,390,27995
2024,5,1,535,371,28366
2024,5,1,534,411,28777
2024,5,1,533,451,29228
2024,5,1,532,456,29684
2024,5,1,531,416,30100
2024,5,1,530,422,30522
2024,5,1,529,448,30970
2024,5,1,528,466,31436
2024,5,1,527,433,31869
2024,5,1,526,426,32295
2024,5,1,525,456,32751
2024,5,1,524,484,33235
2024,5,1,523,483,33718
2024,5,1,522,483,34201
2024,5,1,521,496,34697
2024,5,1,520,467,35164
2024,5,1,519,487,35651
2024,5,1,518,498,36149
2024,5,1,517,501,36650
2024,5,1,516,521,37171
2024,5,1,515,486,37657
2024,5,1,514,511,38168
2024,5,1,513,514,38682
2024,5,1,512,495,39177
2024,5,1,511,539,39716
2024,5,1,510,507,40223
2024,5,1,509,550,40773
2024,5,1,508,504,41277
2024,5,1,507,527,41804
2024,5,1,506,559,42363
2024,5,1,505,545,42908
2024,5,1,504,538,43446
2024,5,1,503,586,44032
2024,5,1,502,587,44619
2024,5,1,501,590,45209
2024,5,1,500,554,45763
2024,5,1,499,594,46357
2024,5,1,498,577,46934
2024,5,1,497,557,47491
2024,5,1,496,609,48100
2024,5,1,495,631,48731
2024,5,1,494,571,49302
2024,5,1,493,559,49861
2024,5,1,492,631,50492
2024,5,1,491,639,51131
2024,5,1,490,586,51717
2024,5,1,489,641,52358
2024,5,1,488,605,52963
2024,5,1,487,613,53576
2024,5,1,486,609,54185
2024,5,1,485,639,54824
2024,5,1,484,586,55410
2024,5,1,483,626,56036
2024,5,1,482,659,56695
2024,5,1,481,625,57320
2024,5,1,480,608,57928
2024,5,1,479,653,58581
2024,5,1,478,685,59266
2024,5,1,477,669,59935
2024,5,1,476,718,60653
2024,5,1,475,633,61286
2024,5,1,474,671,61957
2024,5,1,473,718,62675
2024,5,1,472,702,63377
2024,5,1,471,680,64057
2024,5,1,470,702,64759
2024,5,1,469,674,65433
2024,5,1,468,716,66149
2024,5,1,467,712,66861
2024,5,1,466,694,67555
2024,5,1,465,707,68262
2024,5,1,464,707,68969
2024,5,1,463,728,69697
2024,5,1,462,704,70401
2024,5,1,461,708,71109
2024,5,1,460,732,71841
2024,5,1,459,722,72563
2024,5,1,458,705,73268
2024,5,1,457,678,73946
2024,5,1,456,651,74597
2024,5,1,455,716,75313
2024,5,1,454,736,76049
2024,5,1,453,697,76746
2024,5,1,452,692,77438
2024,5,1,451,692,78130
2024,5,1,450,699,78829
2024,5,1,449,693,79522
2024,5,1,448,732,80254
2024,5,1,447,692,80946
2024,5,1,446,701,81647
2024,5,1,445,724,82371
2024,5,1,444,752,83123
2024,5,1,443,723,83846
2024,5,1,442,714,84560
2024,5,1,441,759,85319
2024,5,1,440,755,86074
2024,5,1,439,734,86808
2024,5,1,438,652,87460
2024,5,1,437,803,88263
2024,5,1,436,739,89002
2024,5,1,435,733,89735
2024,5,1,434,770,90505
2024,5,1,433,737,91242
2024,5,1,432,658,91900
2024,5,1,431,694,92594
2024,5,1,430,749,93343
2024,5,1,429,730,94073
2024,5,1,428,715,94788
2024,5,1,427,772,95560
2024,5,1,426,731,96291
2024,5,1,425,718,97009
2024,5,1,424,700,97709
2024,5,1,423,681,98390
2024,5,1,422,686,99076
2024,5,1,421,669,99745
2024,5,1,420,739,100484
2024,5,1,419,715,101199
2024,5,1,418,683,101882
2024,5,1,417,688,102570
2024,5,1,416,708,103278
2024,5,1,415,739,104017
2024,5,1,414,718,104735
2024,5,1,413,706,105441
2024,5,1,412,705,106146
2024,5,1,411,688,106834
2024,5,1,410,703,107537
2024,5,1,409,711,108248
2024,5,1,408,697,108945
2024,5,1,407,636,109581
2024,5,1,406,730,110311
2024,5,1,405,674,110985
2024,5,1,404,652,111637
2024,5,1,403,629,112266
2024,5,1,402,672,112938
2024,5,1,401,716,113654
2024,5,1,400,687,114341
2024,5,1,399,668,115009
2024,5,1,398,680,115689
2024,5,1,397,660,116349
2024,5,1,396,623,116972
2024,5,1,395,638,117610
2024,5,1,394,658,118268
2024,5,1,393,631,118899
2024,5,1,392,688,119587
2024,5,1,391,632,120219
2024,5,1,390,639,120858
2024,5,1,389,634,121492
2024,5,1,388,604,122096
2024,5,1,387,625,122721
2024,5,1,386,641,123362
2024,5,1,385,630,123992
2024,5,1,384,654,124646
2024,5,1,383,618,125264
2024,5,1,382,590,125854
2024,5,1,381,600,126454
2024,5,1,380,591,127045
2024,5,1,379,609,127654
2024,5,1,378,568,128222
2024,5,1,377,572,128794
2024,5,1,376,573,129367
2024,5,1,375,576,129943
2024,5,1,374,593,130536
2024,5,1,373,596,131132
2024,5,1,372,605,131737
2024,5,1,371,584,132321
2024,5,1,370,578,132899
2024,5,1,369,535,133434
2024,5,1,368,542,133976
2024,5,1,367,561,134537
2024,5,1,366,559,135096
2024,5,1,365,505,135601
2024,5,1,364,509,136110
2024,5,1,363,555,136665
2024,5,1,362,546,137211
2024,5,1,361,533,137744
2024,5,1,360,518,138262
2024,5,1,359,502,138764
2024,5,1,358,543,139307
2024,5,1,357,478,139785
2024,5,1,356,501,140286
2024,5,1,355,504,140790
2024,5,1,354,515,141305
2024,5,1,353,474,141779
2024,5,1,352,514,142293
2024,5,1,351,463,142756
2024,5,1,350,470,143226
2024,5,1,349,447,143673
2024,5,1,348,448,144121
2024,5,1,347,508,144629
2024,5,1,346,458,145087
2024,5,1,345,420,145507
2024,5,1,344,429,145936
2024,5,1,343,441,146377
2024,5,1,342,418,146795
2024,5,1,341,402,147197
2024,5,1,340,418,147615
2024,5,1,339,383,147998
2024,5,1,338,403,148401
2024,5,1,337,398,148799
2024,5,1,336,377,149176
2024,5,1,335,383,149559
2024,5,1,334,379,149938
2024,5,1,333,380,150318
2024,5,1,332,366,150684
2024,5,1,331,395,151079
2024,5,1,330,387,151466
2024,5,1,329,362,151828
2024,5,1,328,375,152203
2024,5,1,327,349,152552
2024,5,1,326,360,152912
2024,5,1,325,325,153237
2024,5,1,324,317,153554
2024,5,1,323,329,153883
2024,5,1,322,322,154205
2024,5,1,321,325,154530
2024,5,1,320,326,154856
2024,5,1,319,309,155165
2024,5,1,318,248,155413
2024,5,1,317,312,155725
2024,5,1,316,304,156029
2024,5,1,315,290,156319
2024,5,1,314,287,156606
2024,5,1,313,294,156900
2024,5,1,312,280,157180
2024,5,1,311,274,157454
2024,5,1,310,257,157711
2024,5,1,309,265,157976
2024,5,1,308,267,158243
2024,5,1,307,275,158518
2024,5,1,306,244,158762
2024,5,1,305,247,159009
2024,5,1,304,255,159264
2024,5,1,303,225,159489
2024,5,1,302,230,159719
2024,5,1,301,234,159953
2024,5,1,300,230,160183
