year,province_id,subject_category_id,score,count_at_score,cumulative_count
2024,5,2,652,12,12
2024,5,2,649,3,15
2024,5,2,648,2,17
2024,5,2,647,2,19
2024,5,2,645,2,21
2024,5,2,644,3,24
2024,5,2,643,5,29
2024,5,2,642,4,33
2024,5,2,641,6,39
2024,5,2,640,3,42
2024,5,2,639,4,46
2024,5,2,638,1,47
2024,5,2,637,2,49
2024,5,2,636,4,53
2024,5,2,635,6,59
2024,5,2,634,4,63
2024,5,2,633,5,68
2024,5,2,632,5,73
2024,5,2,631,4,77
2024,5,2,630,14,91
2024,5,2,629,6,97
2024,5,2,628,6,103
2024,5,2,627,8,111
2024,5,2,626,10,121
2024,5,2,625,7,128
2024,5,2,624,5,133
2024,5,2,623,11,144
2024,5,2,622,10,154
2024,5,2,621,7,161
2024,5,2,620,9,170
2024,5,2,619,9,179
2024,5,2,618,10,189
2024,5,2,617,19,208
2024,5,2,616,24,232
2024,5,2,615,18,250
2024,5,2,614,14,264
2024,5,2,613,19,283
2024,5,2,612,16,299
2024,5,2,611,10,309
2024,5,2,610,26,335
2024,5,2,609,20,355
2024,5,2,608,15,370
2024,5,2,607,23,393
2024,5,2,606,22,415
2024,5,2,605,20,435
2024,5,2,604,25,460
2024,5,2,603,27,487
2024,5,2,602,30,517
2024,5,2,601,22,539
2024,5,2,600,26,565
2024,5,2,599,23,588
2024,5,2,598,24,612
2024,5,2,597,19,631
2024,5,2,596,28,659
2024,5,2,595,28,687
2024,5,2,594,34,721
2024,5,2,593,31,752
2024,5,2,592,28,780
2024,5,2,591,32,812
2024,5,2,590,41,853
2024,5,2,589,29,882
2024,5,2,588,33,915
2024,5,2,587,46,961
2024,5,2,586,36,997
2024,5,2,585,44,1041
2024,5,2,584,36,1077
2024,5,2,583,36,1113
2024,5,2,582,52,1165
2024,5,2,581,42,1207
2024,5,2,580,50,1257
2024,5,2,579,44,1301
2024,5,2,578,43,1344
2024,5,2,577,41,1385
2024,5,2,576,54,1439
2024,5,2,575,49,1488
2024,5,2,574,57,1545
2024,5,2,573,54,1599
2024,5,2,572,47,1646
2024,5,2,571,48,1694
2024,5,2,570,56,1750
2024,5,2,569,54,1804
2024,5,2,568,69,1873
2024,5,2,567,71,1944
2024,5,2,566,60,2004
2024,5,2,565,62,2066
2024,5,2,564,53,2119
2024,5,2,563,67,2186
2024,5,2,562,75,2261
2024,5,2,561,67,2328
2024,5,2,560,96,2424
2024,5,2,559,76,2500
2024,5,2,558,78,2578
2024,5,2,557,75,2653
2024,5,2,556,83,2736
2024,5,2,555,92,2828
2024,5,2,554,96,2924
2024,5,2,553,94,3018
2024,5,2,552,85,3103
2024,5,2,551,100,3203
2024,5,2,550,88,3291
2024,5,2,549,96,3387
2024,5,2,548,100,3487
2024,5,2,547,102,3589
2024,5,2,546,90,3679
2024,5,2,545,98,3777
2024,5,2,544,108,3885
2024,5,2,543,100,3985
2024,5,2,542,113,4098
2024,5,2,541,131,4229
2024,5,2,540,121,4350
2024,5,2,539,115,4465
2024,5,2,538,114,4579
2024,5,2,537,129,4708
2024,5,2,536,148,4856
2024,5,2,535,115,4971
2024,5,2,534,112,5083
2024,5,2,533,128,5211
2024,5,2,532,130,5341
2024,5,2,531,125,5466
2024,5,2,530,143,5609
2024,5,2,529,142,5751
2024,5,2,528,142,5893
2024,5,2,527,134,6027
2024,5,2,526,144,6171
2024,5,2,525,164,6335
2024,5,2,524,145,6480
2024,5,2,523,138,6618
2024,5,2,522,149,6767
2024,5,2,521,183,6950
2024,5,2,520,186,7136
2024,5,2,519,183,7319
2024,5,2,518,162,7481
2024,5,2,517,162,7643
2024,5,2,516,186,7829
2024,5,2,515,172,8001
2024,5,2,514,194,8195
2024,5,2,513,211,8406
2024,5,2,512,207,8613
2024,5,2,511,197,8810
2024,5,2,510,205,9015
2024,5,2,509,192,9207
2024,5,2,508,231,9438
2024,5,2,507,210,9648
2024,5,2,506,212,9860
2024,5,2,505,223,10083
2024,5,2,504,239,10322
2024,5,2,503,216,10538
2024,5,2,502,219,10757
2024,5,2,501,244,11001
2024,5,2,500,229,11230
2024,5,2,499,225,11455
2024,5,2,498,237,11692
2024,5,2,497,234,11926
2024,5,2,496,272,12198
2024,5,2,495,257,12455
2024,5,2,494,278,12733
2024,5,2,493,233,12966
2024,5,2,492,279,13245
2024,5,2,491,244,13489
2024,5,2,490,233,13722
2024,5,2,489,272,13994
2024,5,2,488,309,14303
2024,5,2,487,304,14607
2024,5,2,486,297,14904
2024,5,2,485,265,15169
2024,5,2,484,310,15479
2024,5,2,483,288,15767
2024,5,2,482,286,16053
2024,5,2,481,305,16358
2024,5,2,480,293,16651
2024,5,2,479,295,16946
2024,5,2,478,310,17256
2024,5,2,477,299,17555
2024,5,2,476,311,17866
2024,5,2,475,322,18188
2024,5,2,474,323,18511
2024,5,2,473,327,18838
2024,5,2,472,350,19188
2024,5,2,471,352,19540
2024,5,2,470,315,19855
2024,5,2,469,338,20193
2024,5,2,468,311,20504
2024,5,2,467,331,20835
2024,5,2,466,361,21196
2024,5,2,465,372,21568
2024,5,2,464,354,21922
2024,5,2,463,327,22249
2024,5,2,462,332,22581
2024,5,2,461,330,22911
2024,5,2,460,367,23278
2024,5,2,459,350,23628
2024,5,2,458,365,23993
2024,5,2,457,342,24335
2024,5,2,456,379,24714
2024,5,2,455,326,25040
2024,5,2,454,361,25401
2024,5,2,453,378,25779
2024,5,2,452,375,26154
2024,5,2,451,354,26508
2024,5,2,450,418,26926
2024,5,2,449,372,27298
2024,5,2,448,353,27651
2024,5,2,447,373,28024
2024,5,2,446,370,28394
2024,5,2,445,365,28759
2024,5,2,444,404,29163
2024,5,2,443,384,29547
2024,5,2,442,396,29943
2024,5,2,441,374,30317
2024,5,2,440,392,30709
2024,5,2,439,391,31100
2024,5,2,438,434,31534
2024,5,2,437,396,31930
2024,5,2,436,404,32334
2024,5,2,435,446,32780
2024,5,2,434,364,33144
2024,5,2,433,383,33527
2024,5,2,432,367,33894
2024,5,2,431,412,34306
2024,5,2,430,423,34729
2024,5,2,429,406,35135
2024,5,2,428,412,35547
2024,5,2,427,409,35956
2024,5,2,426,403,36359
2024,5,2,425,348,36707
2024,5,2,424,363,37070
2024,5,2,423,396,37466
2024,5,2,422,374,37840
2024,5,2,421,391,38231
2024,5,2,420,404,38635
2024,5,2,419,434,39069
2024,5,2,418,395,39464
2024,5,2,417,380,39844
2024,5,2,416,377,40221
2024,5,2,415,444,40665
2024,5,2,414,402,41067
2024,5,2,413,428,41495
2024,5,2,412,431,41926
2024,5,2,411,394,42320
2024,5,2,410,396,42716
2024,5,2,409,431,43147
2024,5,2,408,402,43549
2024,5,2,407,392,43941
2024,5,2,406,422,44363
2024,5,2,405,417,44780
2024,5,2,404,399,45179
2024,5,2,403,434,45613
2024,5,2,402,407,46020
2024,5,2,401,394,46414
2024,5,2,400,402,46816
2024,5,2,399,326,47142
2024,5,2,398,399,47541
2024,5,2,397,413,47954
2024,5,2,396,392,48346
2024,5,2,395,413,48759
2024,5,2,394,366,49125
2024,5,2,393,398,49523
2024,5,2,392,379,49902
2024,5,2,391,404,50306
2024,5,2,390,375,50681
2024,5,2,389,388,51069
2024,5,2,388,376,51445
2024,5,2,387,379,51824
2024,5,2,386,405,52229
2024,5,2,385,402,52631
2024,5,2,384,394,53025
2024,5,2,383,388,53413
2024,5,2,382,352,53765
2024,5,2,381,345,54110
2024,5,2,380,343,54453
2024,5,2,379,377,54830
2024,5,2,378,311,55141
2024,5,2,377,377,55518
2024,5,2,376,352,55870
2024,5,2,375,375,56245
2024,5,2,374,322,56567
2024,5,2,373,380,56947
2024,5,2,372,357,57304
2024,5,2,371,356,57660
2024,5,2,370,349,58009
2024,5,2,369,328,58337
2024,5,2,368,324,58661
2024,5,2,367,332,58993
2024,5,2,366,336,59329
2024,5,2,365,325,59654
2024,5,2,364,318,59972
2024,5,2,363,302,60274
2024,5,2,362,321,60595
2024,5,2,361,312,60907
2024,5,2,360,329,61236
2024,5,2,359,340,61576
2024,5,2,358,317,61893
2024,5,2,357,296,62189
2024,5,2,356,317,62506
2024,5,2,355,309,62815
2024,5,2,354,288,63103
2024,5,2,353,291,63394
2024,5,2,352,285,63679
2024,5,2,351,275,63954
2024,5,2,350,275,64229
2024,5,2,349,299,64528
2024,5,2,348,289,64817
2024,5,2,347,282,65099
2024,5,2,346,291,65390
2024,5,2,345,303,65693
2024,5,2,344,266,65959
2024,5,2,343,248,66207
2024,5,2,342,318,66525
2024,5,2,341,255,66780
2024,5,2,340,268,67048
2024,5,2,339,274,67322
2024,5,2,338,241,67563
2024,5,2,337,277,67840
2024,5,2,336,258,68098
2024,5,2,335,225,68323
2024,5,2,334,222,68545
2024,5,2,333,259,68804
2024,5,2,332,235,69039
2024,5,2,331,229,69268
2024,5,2,330,179,69447
2024,5,2,329,259,69706
2024,5,2,328,225,69931
2024,5,2,327,260,70191
2024,5,2,326,205,70396
2024,5,2,325,218,70614
2024,5,2,324,215,70829
2024,5,2,323,196,71025
2024,5,2,322,204,71229
2024,5,2,321,187,71416
2024,5,2,320,217,71633
2024,5,2,319,190,71823
2024,5,2,318,203,72026
2024,5,2,317,174,72200
2024,5,2,316,186,72386
2024,5,2,315,213,72599
2024,5,2,314,178,72777
2024,5,2,313,186,72963
2024,5,2,312,160,73123
2024,5,2,311,154,73277
2024,5,2,310,174,73451
2024,5,2,309,172,73623
2024,5,2,308,167,73790
2024,5,2,307,133,73923
2024,5,2,306,158,74081
2024,5,2,305,142,74223
2024,5,2,304,144,74367
2024,5,2,303,158,74525
2024,5,2,302,138,74663
2024,5,2,301,117,74780
2024,5,2,300,144,74924
