year,province_id,subject_category_id,score,count_at_score,cumulative_count
2024,9,1,705,45,45
2024,9,1,704,8,53
2024,9,1,703,9,62
2024,9,1,702,8,70
2024,9,1,701,12,82
2024,9,1,700,6,88
2024,9,1,699,6,94
2024,9,1,698,9,103
2024,9,1,697,5,108
2024,9,1,696,12,120
2024,9,1,695,14,134
2024,9,1,694,15,149
2024,9,1,693,17,166
2024,9,1,692,20,186
2024,9,1,691,14,200
2024,9,1,690,15,215
2024,9,1,689,17,232
2024,9,1,688,13,245
2024,9,1,687,22,267
2024,9,1,686,24,291
2024,9,1,685,21,312
2024,9,1,684,28,340
2024,9,1,683,28,368
2024,9,1,682,31,399
2024,9,1,681,30,429
2024,9,1,680,21,450
2024,9,1,679,29,479
2024,9,1,678,39,518
2024,9,1,677,34,552
2024,9,1,676,51,603
2024,9,1,675,46,649
2024,9,1,674,43,692
2024,9,1,673,41,733
2024,9,1,672,29,762
2024,9,1,671,57,819
2024,9,1,670,53,872
2024,9,1,669,36,908
2024,9,1,668,59,967
2024,9,1,667,47,1014
2024,9,1,666,59,1073
2024,9,1,665,51,1124
2024,9,1,664,46,1170
2024,9,1,663,67,1237
2024,9,1,662,64,1301
2024,9,1,661,67,1368
2024,9,1,660,50,1418
2024,9,1,659,63,1481
2024,9,1,658,66,1547
2024,9,1,657,75,1622
2024,9,1,656,81,1703
2024,9,1,655,75,1778
2024,9,1,654,55,1833
2024,9,1,653,70,1903
2024,9,1,652,84,1987
2024,9,1,651,93,2080
2024,9,1,650,71,2151
2024,9,1,649,84,2235
2024,9,1,648,66,2301
2024,9,1,647,78,2379
2024,9,1,646,90,2469
2024,9,1,645,101,2570
2024,9,1,644,97,2667
2024,9,1,643,95,2762
2024,9,1,642,82,2844
2024,9,1,641,93,2937
2024,9,1,640,96,3033
2024,9,1,639,93,3126
2024,9,1,638,97,3223
2024,9,1,637,99,3322
2024,9,1,636,102,3424
2024,9,1,635,105,3529
2024,9,1,634,120,3649
2024,9,1,633,110,3759
2024,9,1,632,134,3893
2024,9,1,631,118,4011
2024,9,1,630,115,4126
2024,9,1,629,120,4246
2024,9,1,628,118,4364
2024,9,1,627,137,4501
2024,9,1,626,130,4631
2024,9,1,625,150,4781
2024,9,1,624,143,4924
2024,9,1,623,138,5062
2024,9,1,622,143,5205
2024,9,1,621,153,5358
2024,9,1,620,136,5494
2024,9,1,619,144,5638
2024,9,1,618,128,5766
2024,9,1,617,148,5914
2024,9,1,616,146,6060
2024,9,1,615,149,6209
2024,9,1,614,148,6357
2024,9,1,613,163,6520
2024,9,1,612,136,6656
2024,9,1,611,171,6827
2024,9,1,610,143,6970
2024,9,1,609,164,7134
2024,9,1,608,173,7307
2024,9,1,607,184,7491
2024,9,1,606,166,7657
2024,9,1,605,184,7841
2024,9,1,604,164,8005
2024,9,1,603,166,8171
2024,9,1,602,186,8357
2024,9,1,601,178,8535
2024,9,1,600,180,8715
2024,9,1,599,187,8902
2024,9,1,598,181,9083
2024,9,1,597,187,9270
2024,9,1,596,185,9455
2024,9,1,595,171,9626
2024,9,1,594,200,9826
2024,9,1,593,220,10046
2024,9,1,592,205,10251
2024,9,1,591,191,10442
2024,9,1,590,201,10643
2024,9,1,589,200,10843
2024,9,1,588,226,11069
2024,9,1,587,202,11271
2024,9,1,586,212,11483
2024,9,1,585,210,11693
2024,9,1,584,192,11885
2024,9,1,583,227,12112
2024,9,1,582,211,12323
2024,9,1,581,204,12527
2024,9,1,580,177,12704
2024,9,1,579,202,12906
2024,9,1,578,184,13090
2024,9,1,577,230,13320
2024,9,1,576,224,13544
2024,9,1,575,207,13751
2024,9,1,574,221,13972
2024,9,1,573,224,14196
2024,9,1,572,223,14419
2024,9,1,571,264,14683
2024,9,1,570,223,14906
2024,9,1,569,246,15152
2024,9,1,568,219,15371
2024,9,1,567,242,15613
2024,9,1,566,226,15839
2024,9,1,565,222,16061
2024,9,1,564,248,16309
2024,9,1,563,252,16561
2024,9,1,562,239,16800
2024,9,1,561,236,17036
2024,9,1,560,205,17241
2024,9,1,559,259,17500
2024,9,1,558,249,17749
2024,9,1,557,259,18008
2024,9,1,556,264,18272
2024,9,1,555,252,18524
2024,9,1,554,288,18812
2024,9,1,553,241,19053
2024,9,1,552,270,19323
2024,9,1,551,216,19539
2024,9,1,550,260,19799
2024,9,1,549,277,20076
2024,9,1,548,281,20357
2024,9,1,547,254,20611
2024,9,1,546,262,20873
2024,9,1,545,295,21168
2024,9,1,544,263,21431
2024,9,1,543,281,21712
2024,9,1,542,285,21997
2024,9,1,541,260,22257
2024,9,1,540,305,22562
2024,9,1,539,259,22821
2024,9,1,538,301,23122
2024,9,1,537,271,23393
2024,9,1,536,284,23677
2024,9,1,535,310,23987
2024,9,1,534,274,24261
2024,9,1,533,275,24536
2024,9,1,532,274,24810
2024,9,1,531,297,25107
2024,9,1,530,289,25396
2024,9,1,529,330,25726
2024,9,1,528,284,26010
2024,9,1,527,271,26281
2024,9,1,526,294,26575
2024,9,1,525,293,26868
2024,9,1,524,310,27178
2024,9,1,523,291,27469
2024,9,1,522,293,27762
2024,9,1,521,305,28067
2024,9,1,520,272,28339
2024,9,1,519,295,28634
2024,9,1,518,297,28931
2024,9,1,517,314,29245
2024,9,1,516,283,29528
2024,9,1,515,299,29827
2024,9,1,514,299,30126
2024,9,1,513,326,30452
2024,9,1,512,330,30782
2024,9,1,511,297,31079
2024,9,1,510,324,31403
2024,9,1,509,317,31720
2024,9,1,508,330,32050
2024,9,1,507,328,32378
2024,9,1,506,314,32692
2024,9,1,505,274,32966
2024,9,1,504,303,33269
2024,9,1,503,326,33595
2024,9,1,502,318,33913
2024,9,1,501,305,34218
2024,9,1,500,297,34515
2024,9,1,499,318,34833
2024,9,1,498,373,35206
2024,9,1,497,308,35514
2024,9,1,496,307,35821
2024,9,1,495,284,36105
2024,9,1,494,327,36432
2024,9,1,493,278,36710
2024,9,1,492,348,37058
2024,9,1,491,332,37390
2024,9,1,490,314,37704
2024,9,1,489,351,38055
2024,9,1,488,352,38407
2024,9,1,487,327,38734
2024,9,1,486,338,39072
2024,9,1,485,329,39401
2024,9,1,484,349,39750
2024,9,1,483,353,40103
2024,9,1,482,389,40492
2024,9,1,481,347,40839
2024,9,1,480,378,41217
2024,9,1,479,352,41569
2024,9,1,478,344,41913
2024,9,1,477,353,42266
2024,9,1,476,328,42594
2024,9,1,475,343,42937
2024,9,1,474,356,43293
2024,9,1,473,344,43637
2024,9,1,472,349,43986
2024,9,1,471,368,44354
2024,9,1,470,350,44704
2024,9,1,469,350,45054
2024,9,1,468,377,45431
2024,9,1,467,361,45792
2024,9,1,466,349,46141
2024,9,1,465,347,46488
2024,9,1,464,374,46862
2024,9,1,463,345,47207
2024,9,1,462,354,47561
2024,9,1,461,393,47954
2024,9,1,460,366,48320
2024,9,1,459,354,48674
2024,9,1,458,321,48995
2024,9,1,457,388,49383
2024,9,1,456,383,49766
2024,9,1,455,368,50134
2024,9,1,454,360,50494
2024,9,1,453,378,50872
2024,9,1,452,363,51235
2024,9,1,451,377,51612
2024,9,1,450,371,51983
2024,9,1,449,365,52348
2024,9,1,448,378,52726
2024,9,1,447,348,53074
2024,9,1,446,420,53494
2024,9,1,445,381,53875
2024,9,1,444,354,54229
2024,9,1,443,368,54597
2024,9,1,442,386,54983
2024,9,1,441,422,55405
2024,9,1,440,390,55795
2024,9,1,439,387,56182
2024,9,1,438,375,56557
2024,9,1,437,395,56952
2024,9,1,436,395,57347
2024,9,1,435,380,57727
2024,9,1,434,347,58074
2024,9,1,433,388,58462
2024,9,1,432,377,58839
2024,9,1,431,344,59183
2024,9,1,430,363,59546
2024,9,1,429,368,59914
2024,9,1,428,366,60280
2024,9,1,427,368,60648
2024,9,1,426,372,61020
2024,9,1,425,389,61409
2024,9,1,424,410,61819
2024,9,1,423,405,62224
2024,9,1,422,367,62591
2024,9,1,421,366,62957
2024,9,1,420,374,63331
2024,9,1,419,364,63695
2024,9,1,418,407,64102
2024,9,1,417,382,64484
2024,9,1,416,370,64854
2024,9,1,415,393,65247
2024,9,1,414,370,65617
2024,9,1,413,398,66015
2024,9,1,412,391,66406
2024,9,1,411,358,66764
2024,9,1,410,377,67141
2024,9,1,409,376,67517
2024,9,1,408,377,67894
2024,9,1,407,400,68294
2024,9,1,406,336,68630
2024,9,1,405,355,68985
2024,9,1,404,428,69413
2024,9,1,403,391,69804
2024,9,1,402,411,70215
2024,9,1,401,373,70588
2024,9,1,400,396,70984
2024,9,1,399,393,71377
2024,9,1,398,405,71782
2024,9,1,397,389,72171
2024,9,1,396,410,72581
2024,9,1,395,378,72959
2024,9,1,394,396,73355
2024,9,1,393,396,73751
2024,9,1,392,415,74166
2024,9,1,391,381,74547
2024,9,1,390,381,74928
2024,9,1,389,401,75329
2024,9,1,388,394,75723
2024,9,1,387,396,76119
2024,9,1,386,379,76498
2024,9,1,385,415,76913
2024,9,1,384,398,77311
2024,9,1,383,429,77740
2024,9,1,382,368,78108
2024,9,1,381,420,78528
2024,9,1,380,389,78917
2024,9,1,379,418,79335
2024,9,1,378,381,79716
2024,9,1,377,382,80098
2024,9,1,376,387,80485
2024,9,1,375,400,80885
2024,9,1,374,387,81272
2024,9,1,373,398,81670
2024,9,1,372,411,82081
2024,9,1,371,409,82490
2024,9,1,370,387,82877
2024,9,1,369,375,83252
2024,9,1,368,405,83657
2024,9,1,367,401,84058
2024,9,1,366,385,84443
2024,9,1,365,358,84801
2024,9,1,364,391,85192
2024,9,1,363,391,85583
2024,9,1,362,400,85983
2024,9,1,361,370,86353
2024,9,1,360,398,86751
2024,9,1,359,394,87145
2024,9,1,358,417,87562
2024,9,1,357,361,87923
2024,9,1,356,355,88278
2024,9,1,355,379,88657
2024,9,1,354,383,89040
2024,9,1,353,380,89420
2024,9,1,352,347,89767
2024,9,1,351,384,90151
2024,9,1,350,385,90536
2024,9,1,349,411,90947
2024,9,1,348,352,91299
2024,9,1,347,375,91674
2024,9,1,346,391,92065
2024,9,1,345,341,92406
2024,9,1,344,368,92774
2024,9,1,343,390,93164
2024,9,1,342,360,93524
2024,9,1,341,359,93883
2024,9,1,340,368,94251
2024,9,1,339,355,94606
2024,9,1,338,368,94974
2024,9,1,337,349,95323
2024,9,1,336,346,95669
2024,9,1,335,378,96047
2024,9,1,334,349,96396
2024,9,1,333,356,96752
2024,9,1,332,328,97080
2024,9,1,331,326,97406
2024,9,1,330,381,97787
2024,9,1,329,363,98150
2024,9,1,328,334,98484
2024,9,1,327,354,98838
2024,9,1,326,317,99155
2024,9,1,325,340,99495
2024,9,1,324,338,99833
2024,9,1,323,325,100158
2024,9,1,322,337,100495
2024,9,1,321,324,100819
2024,9,1,320,332,101151
2024,9,1,319,302,101453
2024,9,1,318,290,101743
2024,9,1,317,313,102056
2024,9,1,316,282,102338
2024,9,1,315,304,102642
2024,9,1,314,313,102955
2024,9,1,313,300,103255
2024,9,1,312,327,103582
2024,9,1,311,306,103888
2024,9,1,310,308,104196
2024,9,1,309,311,104507
2024,9,1,308,281,104788
2024,9,1,307,295,105083
2024,9,1,306,258,105341
2024,9,1,305,309,105650
2024,9,1,304,298,105948
2024,9,1,303,316,106264
2024,9,1,302,277,106541
2024,9,1,301,253,106794
2024,9,1,300,285,107079
