year,province_id,subject_category_id,score,count_at_score,cumulative_count
2024,9,2,676,20,20
2024,9,2,675,2,22
2024,9,2,674,3,25
2024,9,2,672,5,30
2024,9,2,671,5,35
2024,9,2,670,4,39
2024,9,2,669,1,40
2024,9,2,668,2,42
2024,9,2,667,2,44
2024,9,2,666,6,50
2024,9,2,665,6,56
2024,9,2,664,3,59
2024,9,2,663,4,63
2024,9,2,662,5,68
2024,9,2,661,4,72
2024,9,2,660,4,76
2024,9,2,659,3,79
2024,9,2,658,7,86
2024,9,2,657,6,92
2024,9,2,656,7,99
2024,9,2,655,11,110
2024,9,2,654,9,119
2024,9,2,653,9,128
2024,9,2,652,2,130
2024,9,2,651,11,141
2024,9,2,650,3,144
2024,9,2,649,5,149
2024,9,2,648,14,163
2024,9,2,647,16,179
2024,9,2,646,12,191
2024,9,2,645,7,198
2024,9,2,644,9,207
2024,9,2,643,10,217
2024,9,2,642,13,230
2024,9,2,641,17,247
2024,9,2,640,13,260
2024,9,2,639,10,270
2024,9,2,638,8,278
2024,9,2,637,17,295
2024,9,2,636,11,306
2024,9,2,635,19,325
2024,9,2,634,17,342
2024,9,2,633,19,361
2024,9,2,632,14,375
2024,9,2,631,13,388
2024,9,2,630,15,403
2024,9,2,629,18,421
2024,9,2,628,15,436
2024,9,2,627,21,457
2024,9,2,626,16,473
2024,9,2,625,21,494
2024,9,2,624,20,514
2024,9,2,623,24,538
2024,9,2,622,25,563
2024,9,2,621,20,583
2024,9,2,620,18,601
2024,9,2,619,26,627
2024,9,2,618,31,658
2024,9,2,617,26,684
2024,9,2,616,25,709
2024,9,2,615,16,725
2024,9,2,614,33,758
2024,9,2,613,29,787
2024,9,2,612,31,818
2024,9,2,611,32,850
2024,9,2,610,28,878
2024,9,2,609,29,907
2024,9,2,608,31,938
2024,9,2,607,23,961
2024,9,2,606,28,989
2024,9,2,605,38,1027
2024,9,2,604,35,1062
2024,9,2,603,31,1093
2024,9,2,602,33,1126
2024,9,2,601,33,1159
2024,9,2,600,33,1192
2024,9,2,599,31,1223
2024,9,2,598,47,1270
2024,9,2,597,45,1315
2024,9,2,596,40,1355
2024,9,2,595,41,1396
2024,9,2,594,35,1431
2024,9,2,593,46,1477
2024,9,2,592,56,1533
2024,9,2,591,49,1582
2024,9,2,590,31,1613
2024,9,2,589,39,1652
2024,9,2,588,44,1696
2024,9,2,587,48,1744
2024,9,2,586,59,1803
2024,9,2,585,55,1858
2024,9,2,584,29,1887
2024,9,2,583,49,1936
2024,9,2,582,45,1981
2024,9,2,581,50,2031
2024,9,2,580,70,2101
2024,9,2,579,55,2156
2024,9,2,578,48,2204
2024,9,2,577,63,2267
2024,9,2,576,60,2327
2024,9,2,575,46,2373
2024,9,2,574,57,2430
2024,9,2,573,51,2481
2024,9,2,572,75,2556
2024,9,2,571,65,2621
2024,9,2,570,60,2681
2024,9,2,569,52,2733
2024,9,2,568,51,2784
2024,9,2,567,56,2840
2024,9,2,566,68,2908
2024,9,2,565,73,2981
2024,9,2,564,58,3039
2024,9,2,563,63,3102
2024,9,2,562,72,3174
2024,9,2,561,74,3248
2024,9,2,560,74,3322
2024,9,2,559,67,3389
2024,9,2,558,76,3465
2024,9,2,557,70,3535
2024,9,2,556,75,3610
2024,9,2,555,81,3691
2024,9,2,554,83,3774
2024,9,2,553,88,3862
2024,9,2,552,68,3930
2024,9,2,551,81,4011
2024,9,2,550,79,4090
2024,9,2,549,92,4182
2024,9,2,548,94,4276
2024,9,2,547,91,4367
2024,9,2,546,97,4464
2024,9,2,545,91,4555
2024,9,2,544,86,4641
2024,9,2,543,91,4732
2024,9,2,542,76,4808
2024,9,2,541,74,4882
2024,9,2,540,100,4982
2024,9,2,539,93,5075
2024,9,2,538,98,5173
2024,9,2,537,93,5266
2024,9,2,536,92,5358
2024,9,2,535,92,5450
2024,9,2,534,94,5544
2024,9,2,533,100,5644
2024,9,2,532,114,5758
2024,9,2,531,112,5870
2024,9,2,530,115,5985
2024,9,2,529,96,6081
2024,9,2,528,92,6173
2024,9,2,527,100,6273
2024,9,2,526,94,6367
2024,9,2,525,102,6469
2024,9,2,524,107,6576
2024,9,2,523,91,6667
2024,9,2,522,95,6762
2024,9,2,521,96,6858
2024,9,2,520,119,6977
2024,9,2,519,103,7080
2024,9,2,518,109,7189
2024,9,2,517,113,7302
2024,9,2,516,106,7408
2024,9,2,515,126,7534
2024,9,2,514,94,7628
2024,9,2,513,117,7745
2024,9,2,512,82,7827
2024,9,2,511,114,7941
2024,9,2,510,102,8043
2024,9,2,509,105,8148
2024,9,2,508,106,8254
2024,9,2,507,122,8376
2024,9,2,506,112,8488
2024,9,2,505,102,8590
2024,9,2,504,121,8711
2024,9,2,503,131,8842
2024,9,2,502,127,8969
2024,9,2,501,117,9086
2024,9,2,500,107,9193
2024,9,2,499,136,9329
2024,9,2,498,144,9473
2024,9,2,497,132,9605
2024,9,2,496,111,9716
2024,9,2,495,125,9841
2024,9,2,494,113,9954
2024,9,2,493,143,10097
2024,9,2,492,130,10227
2024,9,2,491,131,10358
2024,9,2,490,120,10478
2024,9,2,489,131,10609
2024,9,2,488,115,10724
2024,9,2,487,150,10874
2024,9,2,486,162,11036
2024,9,2,485,121,11157
2024,9,2,484,143,11300
2024,9,2,483,129,11429
2024,9,2,482,148,11577
2024,9,2,481,121,11698
2024,9,2,480,149,11847
2024,9,2,479,166,12013
2024,9,2,478,120,12133
2024,9,2,477,159,12292
2024,9,2,476,151,12443
2024,9,2,475,158,12601
2024,9,2,474,146,12747
2024,9,2,473,140,12887
2024,9,2,472,143,13030
2024,9,2,471,155,13185
2024,9,2,470,147,13332
2024,9,2,469,138,13470
2024,9,2,468,148,13618
2024,9,2,467,152,13770
2024,9,2,466,142,13912
2024,9,2,465,138,14050
2024,9,2,464,154,14204
2024,9,2,463,159,14363
2024,9,2,462,165,14528
2024,9,2,461,149,14677
2024,9,2,460,167,14844
2024,9,2,459,128,14972
2024,9,2,458,154,15126
2024,9,2,457,150,15276
2024,9,2,456,155,15431
2024,9,2,455,197,15628
2024,9,2,454,156,15784
2024,9,2,453,187,15971
2024,9,2,452,171,16142
2024,9,2,451,160,16302
2024,9,2,450,181,16483
2024,9,2,449,186,16669
2024,9,2,448,173,16842
2024,9,2,447,159,17001
2024,9,2,446,155,17156
2024,9,2,445,153,17309
2024,9,2,444,163,17472
2024,9,2,443,170,17642
2024,9,2,442,168,17810
2024,9,2,441,187,17997
2024,9,2,440,202,18199
2024,9,2,439,168,18367
2024,9,2,438,184,18551
2024,9,2,437,211,18762
2024,9,2,436,176,18938
2024,9,2,435,155,19093
2024,9,2,434,188,19281
2024,9,2,433,180,19461
2024,9,2,432,182,19643
2024,9,2,431,170,19813
2024,9,2,430,168,19981
2024,9,2,429,192,20173
2024,9,2,428,187,20360
2024,9,2,427,199,20559
2024,9,2,426,171,20730
2024,9,2,425,181,20911
2024,9,2,424,172,21083
2024,9,2,423,188,21271
2024,9,2,422,184,21455
2024,9,2,421,173,21628
2024,9,2,420,173,21801
2024,9,2,419,196,21997
2024,9,2,418,198,22195
2024,9,2,417,191,22386
2024,9,2,416,180,22566
2024,9,2,415,235,22801
2024,9,2,414,193,22994
2024,9,2,413,227,23221
2024,9,2,412,190,23411
2024,9,2,411,191,23602
2024,9,2,410,188,23790
2024,9,2,409,184,23974
2024,9,2,408,229,24203
2024,9,2,407,189,24392
2024,9,2,406,227,24619
2024,9,2,405,195,24814
2024,9,2,404,230,25044
2024,9,2,403,199,25243
2024,9,2,402,201,25444
2024,9,2,401,216,25660
2024,9,2,400,233,25893
2024,9,2,399,215,26108
2024,9,2,398,208,26316
2024,9,2,397,201,26517
2024,9,2,396,176,26693
2024,9,2,395,217,26910
2024,9,2,394,222,27132
2024,9,2,393,226,27358
2024,9,2,392,236,27594
2024,9,2,391,235,27829
2024,9,2,390,183,28012
2024,9,2,389,239,28251
2024,9,2,388,246,28497
2024,9,2,387,233,28730
2024,9,2,386,217,28947
2024,9,2,385,208,29155
2024,9,2,384,245,29400
2024,9,2,383,226,29626
2024,9,2,382,223,29849
2024,9,2,381,258,30107
2024,9,2,380,217,30324
2024,9,2,379,214,30538
2024,9,2,378,246,30784
2024,9,2,377,233,31017
2024,9,2,376,214,31231
2024,9,2,375,219,31450
2024,9,2,374,236,31686
2024,9,2,373,231,31917
2024,9,2,372,233,32150
2024,9,2,371,247,32397
2024,9,2,370,213,32610
2024,9,2,369,230,32840
2024,9,2,368,220,33060
2024,9,2,367,219,33279
2024,9,2,366,253,33532
2024,9,2,365,226,33758
2024,9,2,364,246,34004
2024,9,2,363,233,34237
2024,9,2,362,246,34483
2024,9,2,361,227,34710
2024,9,2,360,224,34934
2024,9,2,359,255,35189
2024,9,2,358,230,35419
2024,9,2,357,229,35648
2024,9,2,356,229,35877
2024,9,2,355,239,36116
2024,9,2,354,228,36344
2024,9,2,353,224,36568
2024,9,2,352,243,36811
2024,9,2,351,227,37038
2024,9,2,350,200,37238
2024,9,2,349,225,37463
2024,9,2,348,224,37687
2024,9,2,347,228,37915
2024,9,2,346,214,38129
2024,9,2,345,260,38389
2024,9,2,344,200,38589
2024,9,2,343,233,38822
2024,9,2,342,247,39069
2024,9,2,341,236,39305
2024,9,2,340,233,39538
2024,9,2,339,208,39746
2024,9,2,338,237,39983
2024,9,2,337,217,40200
2024,9,2,336,230,40430
2024,9,2,335,249,40679
2024,9,2,334,223,40902
2024,9,2,333,219,41121
2024,9,2,332,225,41346
2024,9,2,331,207,41553
2024,9,2,330,230,41783
2024,9,2,329,233,42016
2024,9,2,328,204,42220
2024,9,2,327,230,42450
2024,9,2,326,218,42668
2024,9,2,325,212,42880
2024,9,2,324,218,43098
2024,9,2,323,199,43297
2024,9,2,322,209,43506
2024,9,2,321,202,43708
2024,9,2,320,181,43889
2024,9,2,319,194,44083
2024,9,2,318,235,44318
2024,9,2,317,216,44534
2024,9,2,316,183,44717
2024,9,2,315,182,44899
2024,9,2,314,198,45097
2024,9,2,313,207,45304
2024,9,2,312,177,45481
2024,9,2,311,205,45686
2024,9,2,310,185,45871
2024,9,2,309,184,46055
2024,9,2,308,173,46228
2024,9,2,307,168,46396
2024,9,2,306,193,46589
2024,9,2,305,187,46776
2024,9,2,304,175,46951
2024,9,2,303,162,47113
2024,9,2,302,161,47274
2024,9,2,301,148,47422
2024,9,2,300,181,47603
